1_4_10 10
7_3_04 3, 11, 15, 7, 12, 4, 8
2_20_22 8, 16
7_30_00 4, 12, 16, 8, 13, 5, 9
3_10_02 16, 8, 12
7_22_12 8, 16, 4, 12, 5, 13, 1
2_21_00 2, 10
2_20_16 5, 13
3_14_00 16, 8, 12
6_19_02 2, 10, 14, 6, 3, 11
7_23_00 2, 10, 14, 6, 11, 3, 7
8_30_02 5, 13, 1, 9, 2, 10, 14, 6
3_24_02 15, 7, 3
1_29_02 5
4_23_10 7, 15, 3, 11
6_8_14 9, 1, 5, 13, 6, 14
7_30_22 15, 7, 11, 3, 8, 16, 4
1_30_02 1
8_3_00 1, 9, 13, 5, 2, 10, 14, 6
7_22_04 4, 12, 16, 8, 1, 9, 13
4_20_14 8, 16, 4, 12
1_30_08 4
3_31_10 9, 1, 13
3_9_20 13, 5, 9
7_18_08 5, 13, 1, 9, 2, 10, 14
3_8_02 15, 7, 3
8_5_22 13, 5, 9, 1, 14, 6, 10, 2
6_25_18 12, 4, 8, 16, 13, 5
7_17_02 2, 10, 14, 6, 3, 11, 15
8_8_22 13, 5, 9, 1, 14, 6, 10, 2
6_14_00 4, 12, 16, 8, 13, 5
1_26_22 10
8_10_04 5, 13, 1, 9, 6, 14, 2, 10
8_12_16 11, 3, 7, 15, 12, 4, 8, 16
3_1_20 11, 3, 7
2_19_18 10, 2
3_1_18 10, 2, 6
7_24_02 3, 11, 15, 7, 8, 16, 4
2_20_08 1, 9
1_6_06 1
2_12_08 3, 11
8_3_06 4, 12, 16, 8, 5, 13, 1, 9
7_12_02 4, 12, 16, 8, 9, 1, 5
6_8_08 6, 14, 2, 10, 3, 11
8_29_02 5, 13, 1, 9, 2, 10, 14, 6
8_26_22 14, 6, 10, 2, 15, 7, 11, 3
7_8_22 13, 5, 9, 1, 2, 10, 14
8_31_20 14, 6, 10, 2, 11, 3, 7, 15
1_28_02 8
2_19_04 3, 11
8_27_04 5, 13, 1, 9, 6, 14, 2, 10
4_29_10 9, 1, 5, 13
8_29_04 6, 14, 2, 10, 3, 11, 15, 7
2_9_00 3, 11
7_15_06 7, 15, 3, 11, 12, 4, 8
4_15_18 13, 5, 9, 1
6_20_20 11, 3, 7, 15, 8, 16
7_22_22 13, 5, 9, 1, 10, 2, 6
3_27_12 9, 1, 13
3_21_10 7, 15, 3
1_22_06 1
1_13_16 12
3_17_06 4, 12, 16
1_30_10 5
7_28_04 5, 13, 1, 9, 10, 2, 6
5_23_08 6, 14, 2, 10, 15
7_21_22 13, 5, 9, 1, 14, 6, 10
8_20_14 8, 16, 4, 12, 9, 1, 5, 13
6_30_12 10, 2, 6, 14, 3, 11
2_5_16 10, 2
3_15_14 11, 3, 15
1_17_16 9
5_12_00 3, 11, 15, 7, 8
1_3_20 3
8_5_18 11, 3, 7, 15, 12, 4, 8, 16
2_17_08 5, 13
2_19_14 8, 16
8_24_12 8, 16, 4, 12, 9, 1, 5, 13
7_22_10 7, 15, 3, 11, 4, 12, 16
8_1_18 10, 2, 6, 14, 11, 3, 7, 15
6_9_20 13, 5, 9, 1, 14, 6
1_24_16 14
6_5_12 8, 16, 4, 12, 9, 1
4_8_06 5, 13, 1, 9
8_18_04 3, 11, 15, 7, 4, 12, 16, 8
5_10_12 9, 1, 5, 13, 6
4_3_20 11, 3, 7, 15
5_29_00 4, 12, 16, 8, 1
2_16_06 3, 11
5_25_02 4, 12, 16, 8, 5
5_30_04 6, 14, 2, 10, 15
6_3_10 6, 14, 2, 10, 7, 15
7_29_04 6, 14, 2, 10, 3, 11, 15
4_26_22 14, 6, 10, 2
6_30_16 12, 4, 8, 16, 5, 13
4_20_06 4, 12, 16, 8
2_3_12 7, 15
6_17_22 12, 4, 8, 16, 13, 5
8_5_00 2, 10, 14, 6, 3, 11, 15, 7
6_3_04 3, 11, 15, 7, 4, 12
1_10_18 8
1_16_02 9
7_16_00 4, 12, 16, 8, 5, 13, 1
7_30_14 11, 3, 7, 15, 4, 12, 16
1_7_10 15
1_2_14 4
6_25_10 8, 16, 4, 12, 9, 1
4_4_10 6, 14, 2, 10
3_10_08 3, 11, 15
2_4_08 1, 9
4_6_08 6, 14, 2, 10
5_25_16 11, 3, 7, 15, 12
4_19_14 8, 16, 4, 12
5_11_04 5, 13, 1, 9, 14
6_22_10 7, 15, 3, 11, 4, 12
3_17_00 1, 9, 13
1_27_16 3
6_14_18 13, 5, 9, 1, 6, 14
6_21_18 11, 3, 7, 15, 12, 4
3_5_22 13, 5, 9
3_13_08 8, 16, 4
1_31_00 12
8_20_02 2, 10, 14, 6, 3, 11, 15, 7
8_16_06 7, 15, 3, 11, 4, 12, 16, 8
5_16_18 13, 5, 9, 1, 14
1_16_20 2
5_22_08 6, 14, 2, 10, 3
3_27_02 4, 12, 8
3_15_18 13, 5, 1
8_6_04 4, 12, 16, 8, 5, 13, 1, 9
5_20_20 11, 3, 7, 15, 16
4_5_00 2, 10, 14, 6
4_26_12 9, 1, 5, 13
8_15_04 6, 14, 2, 10, 3, 11, 15, 7
3_31_12 10, 2, 14
7_2_22 12, 4, 8, 16, 9, 1, 5
8_21_00 2, 10, 14, 6, 3, 11, 15, 7
7_12_20 13, 5, 9, 1, 2, 10, 14
7_28_18 12, 4, 8, 16, 1, 9, 13
2_7_12 8, 16
3_24_08 2, 10, 6
3_7_14 9, 1, 13
6_11_22 14, 6, 10, 2, 15, 7
3_12_02 16, 8, 4
5_4_12 7, 15, 3, 11, 12
4_14_16 12, 4, 8, 16
7_21_10 7, 15, 3, 11, 8, 16, 4
7_11_18 12, 4, 8, 16, 5, 13, 1
5_13_06 7, 15, 3, 11, 4
4_22_08 6, 14, 2, 10
3_27_18 12, 4, 16
8_29_22 15, 7, 11, 3, 12, 4, 8, 16
6_24_08 6, 14, 2, 10, 3, 11
2_26_16 7, 15
6_12_16 11, 3, 7, 15, 8, 16
4_19_16 9, 1, 5, 13
7_17_10 6, 14, 2, 10, 7, 15, 3
2_5_02 3, 11
8_5_20 12, 4, 8, 16, 13, 5, 9, 1
5_10_14 10, 2, 6, 14, 7
1_25_22 14
6_17_16 9, 1, 5, 13, 10, 2
6_11_02 4, 12, 16, 8, 5, 13
3_22_04 16, 8, 12
2_9_14 10, 2
6_8_16 10, 2, 6, 14, 7, 15
6_8_06 5, 13, 1, 9, 2, 10
8_13_14 11, 3, 7, 15, 8, 16, 4, 12
7_18_06 4, 12, 16, 8, 1, 9, 13
6_24_10 7, 15, 3, 11, 4, 12
7_25_10 8, 16, 4, 12, 9, 1, 5
8_12_22 14, 6, 10, 2, 15, 7, 11, 3
1_6_04 16
3_31_08 8, 16, 12
1_19_20 3
3_20_00 13, 5, 1
3_9_16 11, 3, 7
8_11_08 7, 15, 3, 11, 8, 16, 4, 12
6_17_08 5, 13, 1, 9, 6, 14
8_31_02 5, 13, 1, 9, 2, 10, 14, 6
2_20_04 15, 7
7_4_14 8, 16, 4, 12, 13, 5, 9
6_23_08 6, 14, 2, 10, 7, 15
8_9_04 5, 13, 1, 9, 6, 14, 2, 10
4_8_14 9, 1, 5, 13
6_7_20 12, 4, 8, 16, 13, 5
2_26_18 8, 16
7_24_12 8, 16, 4, 12, 13, 5, 9
4_19_18 10, 2, 6, 14
6_30_10 9, 1, 5, 13, 2, 10
6_31_20 14, 6, 10, 2, 11, 3
3_26_18 8, 16, 4
6_19_06 4, 12, 16, 8, 5, 13
4_1_22 12, 4, 8, 16
5_24_18 11, 3, 7, 15, 16
3_26_22 10, 2, 6
3_21_06 5, 13, 1
2_9_22 14, 6
7_19_10 6, 14, 2, 10, 15, 7, 11
3_6_14 5, 13, 1
3_24_06 1, 9, 5
8_22_00 2, 10, 14, 6, 3, 11, 15, 7
8_26_14 10, 2, 6, 14, 11, 3, 7, 15
8_28_14 10, 2, 6, 14, 11, 3, 7, 15
4_20_12 7, 15, 3, 11
6_2_04 3, 11, 15, 7, 16, 8
8_29_14 11, 3, 7, 15, 8, 16, 4, 12
2_3_16 9, 1
3_1_04 3, 11, 15
2_28_00 15, 7
6_21_20 12, 4, 8, 16, 13, 5
3_1_12 7, 15, 3
6_4_02 2, 10, 14, 6, 15, 7
8_8_18 11, 3, 7, 15, 12, 4, 8, 16
8_30_10 9, 1, 5, 13, 6, 14, 2, 10
5_23_18 11, 3, 7, 15, 4
1_6_02 15
1_13_10 9
7_25_02 4, 12, 16, 8, 5, 13, 1
3_7_04 4, 12, 8
7_29_02 5, 13, 1, 9, 2, 10, 14
5_9_04 5, 13, 1, 9, 6
4_24_10 7, 15, 3, 11
4_21_02 3, 11, 15, 7
4_24_04 4, 12, 16, 8
4_23_22 13, 5, 9, 1
3_16_20 10, 2, 14
1_7_08 14
3_19_16 9, 1, 13
8_6_02 3, 11, 15, 7, 4, 12, 16, 8
5_26_14 10, 2, 6, 14, 7
1_23_16 2
5_26_08 7, 15, 3, 11, 4
6_26_02 4, 12, 16, 8, 1, 9
5_4_00 1, 9, 13, 5, 6
7_3_16 9, 1, 5, 13, 2, 10, 14
7_8_20 12, 4, 8, 16, 1, 9, 13
4_29_08 8, 16, 4, 12
6_21_00 2, 10, 14, 6, 3, 11
8_10_10 8, 16, 4, 12, 9, 1, 5, 13
2_2_16 5, 13
1_14_06 3
8_14_04 6, 14, 2, 10, 3, 11, 15, 7
4_19_08 5, 13, 1, 9
7_9_12 9, 1, 5, 13, 10, 2, 6
2_28_06 2, 10
4_20_18 10, 2, 6, 14
4_30_18 13, 5, 9, 1
3_4_06 16, 8, 4
7_20_12 7, 15, 3, 11, 12, 4, 8
7_31_06 7, 15, 3, 11, 12, 4, 8
5_28_04 5, 13, 1, 9, 10
8_25_10 8, 16, 4, 12, 9, 1, 5, 13
6_26_08 7, 15, 3, 11, 4, 12
2_8_12 4, 12
3_10_00 15, 7, 11
2_1_08 5, 13
7_12_18 12, 4, 8, 16, 1, 9, 13
8_2_04 3, 11, 15, 7, 4, 12, 16, 8
5_24_14 9, 1, 5, 13, 14
5_16_02 5, 13, 1, 9, 6
8_7_20 12, 4, 8, 16, 13, 5, 9, 1
3_16_04 2, 10, 6
7_1_02 2, 10, 14, 6, 3, 11, 15
4_6_10 7, 15, 3, 11
8_14_18 13, 5, 9, 1, 10, 2, 6, 14
1_24_08 10
3_9_00 3, 11, 15
1_31_22 7
1_15_04 14
2_11_08 7, 15
1_8_12 12
1_5_20 12
7_29_10 9, 1, 5, 13, 6, 14, 2
2_26_10 4, 12
7_3_12 7, 15, 3, 11, 16, 8, 12
6_14_04 6, 14, 2, 10, 15, 7
6_22_16 10, 2, 6, 14, 7, 15
1_12_08 11
3_29_02 5, 13, 1
1_17_02 2
6_9_14 10, 2, 6, 14, 11, 3
8_26_06 6, 14, 2, 10, 7, 15, 3, 11
4_30_04 6, 14, 2, 10
2_6_06 1, 9
8_27_20 13, 5, 9, 1, 14, 6, 10, 2
4_16_02 5, 13, 1, 9
3_24_22 9, 1, 13
2_29_18 13, 5
7_11_20 13, 5, 9, 1, 6, 14, 2
8_17_10 6, 14, 2, 10, 7, 15, 3, 11
6_23_20 12, 4, 8, 16, 13, 5
3_14_12 6, 14, 2
2_3_06 4, 12
5_4_08 5, 13, 1, 9, 10
4_24_16 10, 2, 6, 14
2_6_20 8, 16
7_4_00 1, 9, 13, 5, 6, 14, 2
4_16_04 6, 14, 2, 10
3_10_10 4, 12, 16
1_29_14 11
1_18_14 4
8_20_06 4, 12, 16, 8, 5, 13, 1, 9
6_14_02 5, 13, 1, 9, 14, 6
7_2_00 1, 9, 13, 5, 14, 6, 10
4_17_18 10, 2, 6, 14
2_13_16 12, 4
6_25_08 7, 15, 3, 11, 8, 16
3_21_18 11, 3, 7
8_5_16 10, 2, 6, 14, 11, 3, 7, 15
3_30_18 9, 1, 5
3_13_14 11, 3, 7
1_9_00 3
4_25_02 4, 12, 16, 8
2_6_10 3, 11
3_1_02 2, 10, 14
3_5_16 10, 2, 6
4_3_16 9, 1, 5, 13
2_2_18 6, 14
2_16_12 6, 14
5_1_14 8, 16, 4, 12, 9
6_18_16 9, 1, 5, 13, 6, 14
7_8_02 3, 11, 15, 7, 8, 16, 4
1_21_22 13
6_10_06 6, 14, 2, 10, 3, 11
7_7_04 4, 12, 16, 8, 13, 5, 9
4_2_16 9, 1, 5, 13
3_9_10 8, 16, 4
3_12_06 2, 10, 6
8_23_22 13, 5, 9, 1, 14, 6, 10, 2
8_2_20 11, 3, 7, 15, 12, 4, 8, 16
3_2_08 1, 9, 13
2_4_06 16, 8
3_26_00 15, 7, 11
1_5_08 6
6_6_00 2, 10, 14, 6, 15, 7
8_6_22 13, 5, 9, 1, 14, 6, 10, 2
5_26_22 14, 6, 10, 2, 11
4_8_04 4, 12, 16, 8
2_15_14 11, 3
4_17_14 8, 16, 4, 12
8_22_02 3, 11, 15, 7, 4, 12, 16, 8
8_18_00 1, 9, 13, 5, 2, 10, 14, 6
3_13_04 6, 14, 2
5_25_22 14, 6, 10, 2, 15
5_15_08 8, 16, 4, 12, 13
3_30_00 16, 8, 12
5_2_06 4, 12, 16, 8, 1
2_19_00 1, 9
5_29_14 11, 3, 7, 15, 8
5_3_04 3, 11, 15, 7, 12
5_5_18 11, 3, 7, 15, 12
8_13_00 4, 12, 16, 8, 1, 9, 13, 5
8_4_02 2, 10, 14, 6, 3, 11, 15, 7
1_18_22 8
4_15_00 4,12, 16, 8
5_4_14 8, 16, 4, 12, 13
2_10_06 2, 10
7_14_16 12, 4, 8, 16, 5, 13, 1
7_11_16 11, 3, 7, 15, 4, 12, 16
3_27_08 7, 15, 11
5_26_04 5, 13, 1, 9, 2
7_15_14 11, 3, 7, 15, 16, 8, 12
7_11_22 14, 6, 10, 2, 7, 15, 3
6_3_08 5, 13, 1, 9, 6, 14
7_20_14 8, 16, 4, 12, 13, 5, 9
8_31_04 6, 14, 2, 10, 3, 11, 15, 7
6_17_06 4, 12, 16, 8, 5, 13
4_7_04 4, 12, 16, 8
2_11_14 10, 2
5_19_12 7, 15, 3, 11, 16
5_28_18 12, 4, 8, 16, 1
2_24_14 5, 13
4_16_14 11, 3, 7, 15
2_22_22 9, 1
3_26_12 5, 13, 1
6_2_12 7, 15, 3, 11, 4, 12
5_16_08 8, 16, 4, 12, 9
1_4_06 8
7_31_10 9, 1, 5, 13, 14, 6, 10
5_5_22 13, 5, 9, 1, 14
3_14_08 4, 12, 16
8_26_10 8, 16, 4, 12, 9, 1, 5, 13
8_30_06 7, 15, 3, 11, 4, 12, 16, 8
4_16_12 10, 2, 6, 14
2_18_10 2, 10
7_27_04 5, 13, 1, 9, 14, 6, 10
5_8_12 8, 16, 4, 12, 13
6_16_08 8, 16, 4, 12, 1, 9
6_11_00 3, 11, 15, 7, 4, 12
1_12_02 8
4_11_00 3, 11, 15, 7
3_25_22 14, 6, 10
1_14_08 4
1_3_06 12
2_1_14 8, 16
2_19_22 12, 4
8_8_04 4, 12, 16, 8, 5, 13, 1, 9
4_24_22 13, 5, 9, 1
3_4_14 4, 12, 8
3_4_08 1, 9, 5
6_29_06 7, 15, 3, 11, 4, 12
6_11_18 12, 4, 8, 16, 13, 5
5_6_02 3, 11, 15, 7, 16
2_25_10 8, 16
4_1_04 3, 11, 15, 7
7_5_18 11, 3, 7, 15, 12, 4, 8
5_22_00 2, 10, 14, 6, 15
1_28_12 13
6_29_12 10, 2, 6, 14, 7, 15
5_11_18 12, 4, 8, 16, 5
1_15_02 13
2_15_18 13, 5
7_15_22 15, 7, 11, 3, 4, 12, 16
7_27_18 12, 4, 8, 16, 5, 13, 1
1_23_08 14
4_31_00 4,12, 16, 8
8_18_20 11, 3, 7, 15, 12, 4, 8, 16
3_11_00 3, 11, 7
6_4_08 5, 13, 1, 9, 2, 10
4_19_12 7, 15, 3, 11
2_22_00 14, 6
6_28_16 11, 3, 7, 15, 8, 16
4_10_04 5, 13, 1, 9
1_10_12 5
6_29_14 11, 3, 7, 15, 8, 16
6_12_04 5, 13, 1, 9, 2, 10
2_6_22 9, 1
8_11_04 5, 13, 1, 9, 6, 14, 2, 10
5_2_08 5, 13, 1, 9, 2
5_28_06 6, 14, 2, 10, 11
4_29_14 11, 3, 7, 15
8_3_18 10, 2, 6, 14, 11, 3, 7, 15
5_8_20 12, 4, 8, 16, 1
1_4_16 13
7_7_02 3, 11, 15, 7, 12, 4, 8
6_25_02 4, 12, 16, 8, 5, 13
3_19_18 10, 2, 14
2_29_12 10, 2
4_26_20 13, 5, 9, 1
8_2_02 2, 10, 14, 6, 3, 11, 15, 7
5_29_20 14, 6, 10, 2, 11
5_17_00 1, 9, 13, 5, 2
3_29_16 12, 4, 8
5_8_02 3, 11, 15, 7, 8
5_17_12 7, 15, 3, 11, 8
5_12_10 8, 16, 4, 12, 13
7_7_16 10, 2, 6, 14, 3, 11, 15
4_27_06 6, 14, 2, 10
6_27_00 3, 11, 15, 7, 4, 12
4_27_00 3, 11, 15, 7
6_24_02 3, 11, 15, 7, 16, 8
2_24_00 14, 6
2_17_06 4, 12
2_16_14 7, 15
8_1_06 4, 12, 16, 8, 5, 13, 1, 9
5_17_18 10, 2, 6, 14, 11
3_22_22 9, 1, 5
7_12_16 11, 3, 7, 15, 16, 8, 12
1_11_20 5
1_27_20 5
7_3_00 1, 9, 13, 5, 10, 2, 6
5_10_08 7, 15, 3, 11, 4
6_21_10 7, 15, 3, 11, 8, 16
1_9_20 13
2_26_22 10, 2
7_31_18 13, 5, 9, 1, 2, 10, 14
3_19_10 6, 14, 10
5_1_06 4, 12, 16, 8, 5
4_29_22 15, 7, 11, 3
6_4_16 9, 1, 5, 13, 6, 14
1_23_12 16
7_31_20 14, 6, 10, 2, 3, 11, 15
6_18_20 11, 3, 7, 15, 8, 16
7_5_16 10, 2, 6, 14, 11, 3, 7
2_2_00 13, 5
4_9_00 3, 11, 15, 7
3_1_10 6, 14, 2
4_15_10 9, 1, 5, 13
7_15_08 8, 16, 4, 12, 13, 5, 9
7_30_08 8, 16, 4, 12, 1, 9, 13
8_24_14 9, 1, 5, 13, 10, 2, 6, 14
3_16_18 9, 1, 13
2_14_18 9, 1
1_26_18 8
1_6_12 4
2_25_04 5, 13
5_31_18 13, 5, 9, 1, 2
7_14_00 4, 12, 16, 8, 13, 5, 9
1_12_00 7
5_22_16 10, 2, 6, 14, 7
5_12_16 11, 3, 7, 15, 16
5_18_04 3, 11, 15, 7, 16
7_22_20 12, 4, 8, 16, 9, 1, 5
8_26_16 11, 3, 7, 15, 12, 4, 8, 16
3_6_00 14, 6, 10
5_17_16 9, 1, 5, 13, 10
2_26_06 2, 10
5_6_10 7, 15, 3, 11, 4
8_15_18 13, 5, 9, 1, 10, 2, 6, 14
6_3_12 7, 15, 3, 11, 8, 16
5_14_08 8, 16, 4, 12, 1
7_25_14 10, 2, 6, 14, 11, 3, 7
1_2_20 7
1_15_06 15
4_13_12 10, 2, 6, 14
5_3_00 1, 9, 13, 5, 10
4_28_14 10, 2, 6, 14
7_26_06 6, 14, 2, 10, 3, 11, 15
5_21_06 5, 13, 1, 9, 6
1_1_14 8
4_23_12 8, 16, 4, 12
8_16_20 14, 6, 10, 2, 11, 3, 7, 15
5_4_20 11, 3, 7, 15, 16
3_14_14 7, 15, 3
7_28_20 13, 5, 9, 1, 2, 10, 14
5_14_04 6, 14, 2, 10, 15
2_4_12 3, 11
3_7_16 10, 2, 14
8_18_10 6, 14, 2, 10, 7, 15, 3, 11
4_27_10 8, 16, 4, 12
6_29_00 4, 12, 16, 8, 1, 9
4_27_12 9, 1, 5, 13
1_19_04 11
6_27_08 7, 15, 3, 11, 8, 16
5_7_12 8, 16, 4, 12, 1
5_8_14 9, 1, 5, 13, 14
6_18_18 10, 2, 6, 14, 7, 15
8_6_20 12, 4, 8, 16, 13, 5, 9, 1
8_23_02 3, 11, 15, 7, 4, 12, 16, 8
1_4_14 12
7_20_22 12, 4, 8, 16, 1, 9, 13
1_11_04 13
3_16_08 4, 12, 8
4_23_08 6, 14, 2, 10
2_9_02 4, 12
7_19_02 2, 10, 14, 6, 11, 3, 7
7_16_08 8, 16, 4, 12, 9, 1, 5
4_10_10 8, 16, 4, 12
3_12_04 1, 9, 5
3_7_02 3, 11, 7
4_23_04 4, 12, 16, 8
4_3_00 1, 9, 13, 5
5_2_02 2, 10, 14, 6, 15
1_7_16 2
4_21_20 12, 4, 8, 16
1_11_22 6
3_19_14 8, 16, 12
7_10_06 6, 14, 2, 10, 3, 11, 15
4_4_16 9, 1, 5, 13
5_25_08 7, 15, 3, 11, 8
4_2_08 5, 13, 1, 9
2_27_16 11, 3
1_10_16 7
1_14_10 5
3_18_02 14, 6, 10
7_6_12 8, 16, 4, 12, 5, 13, 1
5_19_20 11, 3, 7, 15, 4
6_14_08 8, 16, 4, 12, 1, 9
7_10_10 8, 16, 4, 12, 5, 13, 1
6_9_06 6, 14, 2, 10, 7, 15
5_18_22 12, 4, 8, 16, 9
7_9_14 10, 2, 6, 14, 11, 3, 7
1_2_00 13
2_9_06 6, 14
4_4_12 7, 15, 3, 11
6_5_20 12, 4, 8, 16, 13, 5
5_15_12 10, 2, 6, 14, 15
6_20_06 4, 12, 16, 8, 1, 9
7_9_08 7, 15, 3, 11, 8, 16, 4
5_25_10 8, 16, 4, 12, 9
8_22_04 4, 12, 16, 8, 5, 13, 1, 9
6_11_12 9, 1, 5, 13, 10, 2
3_6_22 9, 1, 5
1_7_20 4
6_21_08 6, 14, 2, 10, 7, 15
6_2_20 11, 3, 7, 15, 8, 16
1_24_00 6
8_19_20 11, 3, 7, 15, 12, 4, 8, 16
8_26_00 3, 11, 15, 7, 4, 12, 16, 8
4_3_04 3, 11, 15, 7
8_13_12 10, 2, 6, 14, 7, 15, 3, 11
8_15_06 7, 15, 3, 11, 4, 12, 16, 8
3_6_20 8, 16, 4
5_16_06 7, 15, 3, 11, 8
2_6_08 2, 10
8_23_10 7, 15, 3, 11, 8, 16, 4, 12
6_7_10 7, 15, 3, 11, 8, 16
6_3_20 11, 3, 7, 15, 12, 4
2_11_04 5, 13
7_30_10 9, 1, 5, 13, 2, 10, 14
3_1_06 4, 12, 16
2_20_20 7, 15
5_3_16 9, 1, 5, 13, 2
6_6_14 9, 1, 5, 13, 6, 14
5_24_22 13, 5, 9, 1, 2
4_26_02 4, 12, 16, 8
5_31_08 8, 16, 4, 12, 13
2_17_02 2, 10
7_24_18 11, 3, 7, 15, 16, 8, 12
3_15_12 10, 2, 14
1_7_06 13
1_3_02 10
4_4_06 4, 12, 16, 8
4_9_16 11, 3, 7, 15
4_17_08 5, 13, 1, 9
3_11_14 10, 2, 14
3_4_22 8, 16, 12
1_5_00 2
3_28_22 10, 2, 14
6_2_10 6, 14, 2, 10, 3, 11
5_22_14 9, 1, 5, 13, 6
3_31_06 7, 15, 11
1_30_20 10
5_27_16 11, 3, 7, 15, 4
1_27_00 11
7_7_00 2, 10, 14, 6, 11, 3, 7
4_3_12 7, 15, 3, 11
1_7_22 5
4_20_22 12, 4, 8, 16
2_22_12 4, 12
3_18_00 13, 5, 9
8_7_22 13, 5, 9, 1, 14, 6, 10, 2
5_21_02 3, 11, 15, 7, 4
8_28_00 3, 11, 15, 7, 4, 12, 16, 8
5_18_16 9, 1, 5, 13, 6
3_5_08 6, 14, 2
7_11_04 5, 13, 1, 9, 14, 6, 10
8_19_10 6, 14, 2, 10, 7, 15, 3, 11
3_27_22 14, 6, 2
4_11_20 13, 5, 9, 1
1_16_18 1
3_3_20 11, 3, 15
6_15_18 13, 5, 9, 1, 10, 2
3_7_00 2, 10, 6
1_1_00 1
5_15_02 5, 13, 1, 9, 10
8_1_14 8, 16, 4, 12, 9, 1, 5, 13
2_24_10 3, 11
8_21_02 3, 11, 15, 7, 4, 12, 16, 8
4_17_12 7, 15, 3, 11
4_13_02 5, 13, 1, 9
2_16_22 11, 3
1_10_00 15
2_21_14 9, 1
3_20_02 14, 6, 2
4_21_18 11, 3, 7, 15
7_25_12 9, 1, 5, 13, 10, 2, 6
7_16_18 13, 5, 9, 1, 14, 6, 10
7_6_06 5, 13, 1, 9, 2, 10, 14
6_1_10 6, 14, 2, 10, 7, 15
8_5_04 4, 12, 16, 8, 5, 13, 1, 9
4_25_04 5, 13, 1, 9
4_15_12 10, 2, 6, 14
8_14_00 4, 12, 16, 8, 1, 9, 13, 5
7_12_00 3, 11, 15, 7, 8, 16, 4
7_26_02 4, 12, 16, 8, 1, 9, 13
7_17_18 10, 2, 6, 14, 11, 3, 7
6_13_16 12, 4, 8, 16, 9, 1
4_30_22 15, 7, 11, 3
4_2_04 3, 11, 15, 7
6_3_16 9, 1, 5, 13, 10, 2
7_26_12 9, 1, 5, 13, 6, 14, 2
3_7_22 13, 5, 1
1_22_00 14
3_2_00 13, 5, 9
2_6_18 7, 15
2_22_04 16, 8
7_29_12 10, 2, 6, 14, 7, 15, 3
8_16_10 9, 1, 5, 13, 6, 14, 2, 10
2_23_10 7, 15
7_8_14 9, 1, 5, 13, 14, 6, 10
5_7_02 3, 11, 15, 7, 12
2_29_02 5, 13
7_1_18 10, 2, 6, 14, 11, 3, 7
6_1_00 1, 9, 13, 5, 2, 10
3_30_08 4, 12, 16
8_14_08 8, 16, 4, 12, 5, 13, 1, 9
1_19_12 15
7_27_20 13, 5, 9, 1, 6, 14, 2
6_1_16 9, 1, 5, 13, 10, 2
1_22_12 4
3_26_06 2, 10, 14
7_23_02 3, 11, 15, 7, 12, 4, 8
5_5_14 9, 1, 5, 13, 10
7_19_06 4, 12, 16, 8, 13, 5, 9
8_2_18 10, 2, 6, 14, 11, 3, 7, 15
4_2_18 10, 2, 6, 14
7_10_22 14, 6, 10, 2, 11, 3, 7
2_10_14 6, 14
6_28_04 5, 13, 1, 9, 2, 10
5_26_06 6, 14, 2, 10, 3
2_23_16 10, 2
8_7_10 7, 15, 3, 11, 8, 16, 4, 12
8_27_08 7, 15, 3, 11, 8, 16, 4, 12
4_31_04 6, 14, 2, 10
3_20_12 3, 11, 7
1_8_22 1
5_5_12 8, 16, 4, 12, 9
1_11_08 15
1_11_16 3
5_31_10 9, 1, 5, 13, 14
3_9_14 10, 2, 6
8_4_18 10, 2, 6, 14, 11, 3, 7, 15
7_2_20 11, 3, 7, 15, 8, 16, 4
5_16_20 14, 6, 10, 2, 15
6_24_22 13, 5, 9, 1, 10, 2
2_30_20 10, 2
7_9_10 8, 16, 4, 12, 9, 1, 5
1_17_04 3
2_26_02 16, 8
7_28_00 3, 11, 15, 7, 8, 16, 4
7_27_02 4, 12, 16, 8, 13, 5, 9
5_18_20 11, 3, 7, 15, 8
2_13_18 13, 5
1_28_00 7
5_28_02 4, 12, 16, 8, 9
8_30_14 11, 3, 7, 15, 8, 16, 4, 12
3_12_08 3, 11, 7
6_29_16 12, 4, 8, 16, 9, 1
8_31_16 12, 4, 8, 16, 9, 1, 5, 13
7_25_04 5, 13, 1, 9, 6, 14, 2
8_12_10 8, 16, 4, 12, 9, 1, 5, 13
2_31_04 6, 14
5_1_10 6, 14, 2, 10, 7
8_8_02 3, 11, 15, 7, 4, 12, 16, 8
6_9_16 11, 3, 7, 15, 12, 4
1_17_08 5
6_15_04 6, 14, 2, 10, 3, 11
5_12_04 5, 13, 1, 9, 10
1_16_10 13
3_1_08 5, 13, 1
2_15_22 15, 7
2_31_00 4,12
7_17_22 12, 4, 8, 16, 13, 5, 9
6_17_12 7, 15, 3, 11, 8, 16
2_28_20 9, 1
8_30_16 12, 4, 8, 16, 9, 1, 5, 13
1_27_18 4
3_23_10 7, 15, 11
8_23_00 2, 10, 14, 6, 3, 11, 15, 7
8_20_12 7, 15, 3, 11, 8, 16, 4, 12
7_16_10 9, 1, 5, 13, 10, 2, 6
7_11_06 6, 14, 2, 10, 15, 7, 11
4_14_00 4,12, 16, 8
6_11_06 6, 14, 2, 10, 7, 15
7_16_06 7, 15, 3, 11, 8, 16, 4
6_22_20 12, 4, 8, 16, 9, 1
2_7_20 12, 4
1_11_00 11
5_25_18 12, 4, 8, 16, 13
6_18_08 5, 13, 1, 9, 2, 10
2_14_16 8, 16
7_2_16 9, 1, 5, 13, 6, 14, 2
1_19_14 16
1_1_12 7
3_13_22 15, 7, 11
5_20_18 10, 2, 6, 14, 15
4_15_14 11, 3, 7, 15
4_31_02 5, 13, 1, 9
4_7_14 9, 1, 5, 13
3_21_16 10, 2, 6
1_16_16 16
3_24_12 4, 12, 8
5_4_22 12, 4, 8, 16, 1
6_19_00 1, 9, 13, 5, 2, 10
5_21_18 11, 3, 7, 15, 12
3_28_20 9, 1, 13
7_30_12 10, 2, 6, 14, 3, 11, 15
7_11_12 9, 1, 5, 13, 2, 10, 14
7_10_20 13, 5, 9, 1, 10, 2, 6
5_14_20 14, 6, 10, 2, 7
4_31_14 11, 3, 7, 15
8_12_12 9, 1, 5, 13, 10, 2, 6, 14
4_14_02 5, 13, 1, 9
8_21_20 12, 4, 8, 16, 13, 5, 9, 1
2_22_06 1, 9
2_8_16 6, 14
1_14_02 1
1_4_12 11
2_25_18 12, 4
7_7_18 11, 3, 7, 15, 4, 12, 16
7_30_04 6, 14, 2, 10, 15, 7, 11
7_25_22 14, 6, 10, 2, 15, 7, 11
4_18_20 11, 3, 7, 15
5_22_02 3, 11, 15, 7, 16
8_17_20 11, 3, 7, 15, 12, 4, 8, 16
8_29_00 4, 12, 16, 8, 1, 9, 13, 5
5_17_14 8, 16, 4, 12, 9
4_20_10 6, 14, 2, 10
1_13_14 11
3_9_12 9, 1, 5
3_19_08 5, 13, 9
3_27_16 11, 3, 15
7_6_14 9, 1, 5, 13, 6, 14, 2
8_24_22 13, 5, 9, 1, 14, 6, 10, 2
6_20_12 7, 15, 3, 11, 4, 12
3_31_20 14, 6, 2
2_9_10 8, 16
4_1_18 10, 2, 6, 14
1_20_16 13
2_12_20 9, 1
7_28_08 7, 15, 3, 11, 12, 4, 8
4_25_20 13, 5, 9, 1
6_26_18 12, 4, 8, 16, 9, 1
2_12_10 4, 12
3_29_22 15, 7, 11
1_25_14 10
2_13_14 11, 3
2_17_18 10, 2
3_24_16 6, 14, 10
7_27_10 8, 16, 4, 12, 1, 9, 13
5_6_08 6, 14, 2, 10, 3
2_23_08 6, 14
4_5_06 5, 13, 1, 9
1_8_00 6
6_28_20 13, 5, 9, 1, 10, 2
1_27_14 2
8_12_06 6, 14, 2, 10, 7, 15, 3, 11
6_15_22 15, 7, 11, 3, 12, 4
2_9_18 12, 4
3_18_08 1, 9, 13
6_27_12 9, 1, 5, 13, 10, 2
2_22_16 6, 14
6_8_22 13, 5, 9, 1, 10, 2
5_30_06 7, 15, 3, 11, 16
5_9_16 11, 3, 7, 15, 12
4_10_02 4, 12, 16, 8
7_14_22 15, 7, 11, 3, 8, 16, 4
4_9_12 9, 1, 5, 13
8_9_02 4, 12, 16, 8, 5, 13, 1, 9
5_30_20 14, 6, 10, 2, 7
7_21_06 5, 13, 1, 9, 6, 14, 2
5_8_08 6, 14, 2, 10, 11
3_17_08 5, 13, 1
5_23_04 4, 12, 16, 8, 13
1_30_22 11
2_24_20 8, 16
4_2_20 11, 3, 7, 15
6_8_10 7, 15, 3, 11, 4, 12
3_6_08 2, 10, 14
8_1_20 11, 3, 7, 15, 12, 4, 8, 16
5_15_16 12, 4, 8, 16, 1
6_18_04 3, 11, 15, 7, 16, 8
1_16_12 14
3_17_12 7, 15, 3
6_14_22 15, 7, 11, 3, 8, 16
6_12_12 9, 1, 5, 13, 6, 14
6_6_06 5, 13, 1, 9, 2, 10
6_13_10 9, 1, 5, 13, 6, 14
3_1_22 12, 4, 8
3_16_22 11, 3, 15
2_3_10 6, 14
1_24_06 9
3_14_22 11, 3, 7
4_19_06 4, 12, 16, 8
3_13_12 10, 2, 6
6_14_06 7, 15, 3, 11, 16, 8
4_24_18 11, 3, 7, 15
6_29_08 8, 16, 4, 12, 5, 13
3_10_18 8, 16, 4
6_13_06 7, 15, 3, 11, 4, 12
8_26_12 9, 1, 5, 13, 10, 2, 6, 14
8_9_14 10, 2, 6, 14, 11, 3, 7, 15
2_14_02 1, 9
2_2_10 2, 10
2_22_14 5, 13
6_4_04 3, 11, 15, 7, 16, 8
5_31_16 12, 4, 8, 16, 1
5_21_04 4, 12, 16, 8, 5
2_31_10 9, 1
3_10_16 7, 15, 3
6_5_16 10, 2, 6, 14, 11, 3
3_26_14 6, 14, 2
6_24_18 11, 3, 7, 15, 8, 16
4_27_04 5, 13, 1, 9
1_31_10 1
1_28_14 14
1_18_12 3
8_7_06 5, 13, 1, 9, 6, 14, 2, 10
4_24_02 3, 11, 15, 7
1_29_04 6
8_18_22 12, 4, 8, 16, 13, 5, 9, 1
8_23_06 5, 13, 1, 9, 6, 14, 2, 10
5_22_12 8, 16, 4, 12, 5
8_7_02 3, 11, 15, 7, 4, 12, 16, 8
1_10_10 4
2_14_04 2, 10
3_11_16 11, 3, 15
4_1_00 1, 9, 13, 5
7_1_00 1, 9, 13, 5, 2, 10, 14
7_31_16 12, 4, 8, 16, 1, 9, 13
1_12_06 10
1_24_22 1
8_22_12 8, 16, 4, 12, 9, 1, 5, 13
5_26_16 11, 3, 7, 15, 8
4_7_00 2, 10, 14, 6
3_30_16 8, 16, 4
5_3_20 11, 3, 7, 15, 4
1_21_06 5
4_28_18 12, 4, 8, 16
1_12_10 12
7_12_10 8, 16, 4, 12, 13, 5, 9
6_31_00 4, 12, 16, 8, 1, 9
6_12_08 7, 15, 3, 11, 4, 12
8_9_18 12, 4, 8, 16, 13, 5, 9, 1
5_6_20 12, 4, 8, 16, 9
7_4_04 3, 11, 15, 7, 8, 16, 4
3_14_02 1, 9, 13
8_15_22 15, 7, 11, 3, 12, 4, 8, 16
1_20_22 16
2_5_18 11, 3
6_21_02 3, 11, 15, 7, 4, 12
6_15_20 14, 6, 10, 2, 11, 3
4_8_12 8, 16, 4, 12
8_15_02 5, 13, 1, 9, 2, 10, 14, 6
7_20_10 6, 14, 2, 10, 11, 3, 7
4_26_18 12, 4, 8, 16
4_28_08 7, 15, 3, 11
8_10_08 7, 15, 3, 11, 8, 16, 4, 12
1_26_00 15
6_24_14 9, 1, 5, 13, 6, 14
1_6_14 5
1_29_06 7
1_13_06 7
2_31_16 12, 4
7_4_18 10, 2, 6, 14, 15, 7, 11
2_2_08 1, 9
5_24_12 8, 16, 4, 12, 13
3_2_02 14, 6, 10
8_18_02 2, 10, 14, 6, 3, 11, 15, 7
7_10_02 4, 12, 16, 8, 1, 9, 13
6_24_06 5, 13, 1, 9, 2, 10
8_25_14 10, 2, 6, 14, 11, 3, 7, 15
8_4_06 4, 12, 16, 8, 5, 13, 1, 9
2_5_08 6, 14
7_5_02 3, 11, 15, 7, 4, 12, 16
1_2_16 5
3_2_10 2, 10, 14
2_5_14 9, 1
8_19_08 5, 13, 1, 9, 6, 14, 2, 10
1_30_12 6
8_14_06 7, 15, 3, 11, 4, 12, 16, 8
6_1_18 10, 2, 6, 14, 11, 3
8_2_06 4, 12, 16, 8, 5, 13, 1, 9
2_30_04 2, 10
5_19_22 12, 4, 8, 16, 5
7_29_16 12, 4, 8, 16, 9, 1, 5
1_7_02 11
8_17_02 2, 10, 14, 6, 3, 11, 15, 7
3_28_00 15, 7, 3
5_10_18 12, 4, 8, 16, 9
2_8_22 9, 1
1_13_20 14
1_21_02 3
1_20_20 15
2_7_00 2, 10
7_10_12 9, 1, 5, 13, 6, 14, 2
4_22_10 7, 15, 3, 11
4_21_10 7, 15, 3, 11
5_20_00 1, 9, 13, 5, 6
3_17_22 12, 4, 8
5_8_16 10, 2, 6, 14, 15
4_21_06 5, 13, 1, 9
1_12_22 2
5_26_02 4, 12, 16, 8, 1
2_20_02 14, 6
3_17_20 11, 3, 7
5_1_04 3, 11, 15, 7, 4
5_18_02 2, 10, 14, 6, 15
1_19_18 2
7_14_10 9, 1, 5, 13, 2, 10, 14
7_28_10 8, 16, 4, 12, 13, 5, 9
1_6_00 14
4_18_16 9, 1, 5, 13
7_13_12 10, 2, 6, 14, 7, 15, 3
7_16_02 5, 13, 1, 9, 6, 14, 2
2_17_00 1, 9
3_4_02 14, 6, 2
7_23_10 7, 15, 3, 11, 16, 8, 12
4_1_02 2, 10, 14, 6
7_9_06 6, 14, 2, 10, 7, 15, 3
4_23_00 2, 10, 14, 6
5_28_20 13, 5, 9, 1, 2
3_13_18 13, 5, 9
4_28_20 13, 5, 9, 1
8_19_06 4, 12, 16, 8, 5, 13, 1, 9
4_6_00 2, 10, 14, 6
4_6_12 8, 16, 4, 12
5_7_10 7, 15, 3, 11, 16
1_28_16 15
8_24_10 7, 15, 3, 11, 8, 16, 4, 12
6_17_18 10, 2, 6, 14, 11, 3
1_13_12 10
8_29_20 14, 6, 10, 2, 11, 3, 7, 15
2_31_06 7, 15
5_9_06 6, 14, 2, 10, 7
1_23_04 12
6_4_12 7, 15, 3, 11, 4, 12
4_5_04 4, 12, 16, 8
7_5_08 6, 14, 2, 10, 7, 15, 3
2_23_12 8, 16
5_24_00 2, 10, 14, 6, 7
4_14_14 11, 3, 7, 15
7_6_04 4, 12, 16, 8, 1, 9, 13
5_14_16 12, 4, 8, 16, 5
4_2_22 12, 4, 8, 16
4_29_06 7, 15, 3, 11
6_7_16 10, 2, 6, 14, 11, 3
3_10_14 6, 14, 2
7_8_08 6, 14, 2, 10, 11, 3, 7
7_28_12 9, 1, 5, 13, 14, 6, 10
6_16_16 12, 4, 8, 16, 5, 13
4_5_08 6, 14, 2, 10
2_24_08 2, 10
6_20_08 5, 13, 1, 9, 2, 10
4_1_12 7, 15, 3, 11
6_30_08 8, 16, 4, 12, 1, 9
2_2_12 3, 11
3_8_12 4, 12, 8
5_29_06 7, 15, 3, 11, 4
8_29_08 8, 16, 4, 12, 5, 13, 1, 9
4_22_18 11, 3, 7, 15
8_22_16 10, 2, 6, 14, 11, 3, 7, 15
4_16_22 15, 7, 11, 3
6_3_06 4, 12, 16, 8, 5, 13
2_3_20 11, 3
5_11_02 4, 12, 16, 8, 13
8_11_12 9, 1, 5, 13, 10, 2, 6, 14
6_23_16 10, 2, 6, 14, 11, 3
2_1_10 6, 14
5_17_02 2, 10, 14, 6, 3
5_12_06 6, 14, 2, 10, 11
8_29_16 12, 4, 8, 16, 9, 1, 5, 13
6_26_22 14, 6, 10, 2, 11, 3
6_28_14 10, 2, 6, 14, 7, 15
7_13_20 14, 6, 10, 2, 11, 3, 7
2_23_22 13, 5
6_9_00 3, 11, 15, 7, 4, 12
8_18_14 8, 16, 4, 12, 9, 1, 5, 13
7_2_10 6, 14, 2, 10, 3, 11, 15
2_13_20 14, 6
8_16_18 13, 5, 9, 1, 10, 2, 6, 14
2_4_16 5, 13
7_21_18 11, 3, 7, 15, 12, 4, 8
2_16_18 9, 1
7_15_04 6, 14, 2, 10, 11, 3, 7
1_23_02 11
2_4_18 6, 14
4_5_20 12, 4, 8, 16
8_27_22 14, 6, 10, 2, 15, 7, 11, 3
1_9_10 8
5_10_16 11, 3, 7, 15, 8
1_19_06 12
3_19_02 2, 10, 6
6_5_06 5, 13, 1, 9, 6, 14
7_24_00 2, 10, 14, 6, 7, 15, 3
6_19_04 3, 11, 15, 7, 4, 12
4_4_00 1, 9, 13, 5
7_19_04 3, 11, 15, 7, 12, 4, 8
3_19_12 7, 15, 11
2_22_02 15, 7
3_7_18 11, 3, 15
3_8_04 16, 8, 4
1_31_14 3
7_25_06 6, 14, 2, 10, 7, 15, 3
3_28_06 2, 10, 6
5_19_16 9, 1, 5, 13, 2
1_5_16 10
8_15_08 8, 16, 4, 12, 5, 13, 1, 9
8_9_08 7, 15, 3, 11, 8, 16, 4, 12
8_27_00 3, 11, 15, 7, 4, 12, 16, 8
5_24_16 10, 2, 6, 14, 15
4_22_00 2, 10, 14, 6
5_5_16 10, 2, 6, 14, 11
7_29_08 8, 16, 4, 12, 5, 13, 1
8_30_00 4, 12, 16, 8, 1, 9, 13, 5
2_20_06 16, 8
6_21_14 9, 1, 5, 13, 10, 2
8_29_12 10, 2, 6, 14, 7, 15, 3, 11
8_25_06 6, 14, 2, 10, 7, 15, 3, 11
4_15_04 6, 14, 2, 10
2_31_12 10, 2
7_7_10 7, 15, 3, 11, 16, 8, 12
4_27_08 7, 15, 3, 11
5_7_04 4, 12, 16, 8, 13
1_28_06 10
3_31_16 12, 4, 16
8_11_00 3, 11, 15, 7, 4, 12, 16, 8
7_2_08 5, 13, 1, 9, 2, 10, 14
2_14_14 7, 15
3_13_20 14, 6, 10
2_9_08 7, 15
7_31_00 4, 12, 16, 8, 9, 1, 5
3_24_04 16, 8, 4
4_7_20 12, 4, 8, 16
3_3_16 9, 1, 13
3_20_18 6, 14, 10
8_22_18 11, 3, 7, 15, 12, 4, 8, 16
1_17_00 1
6_7_08 6, 14, 2, 10, 7, 15
7_27_22 14, 6, 10, 2, 7, 15, 3
4_6_20 12, 4, 8, 16
5_30_18 13, 5, 9, 1, 6
5_6_06 5, 13, 1, 9, 2
8_29_06 7, 15, 3, 11, 4, 12, 16, 8
1_3_04 11
7_6_20 12, 4, 8, 16, 9, 1, 5
1_28_08 11
2_13_00 4,12
3_6_10 3, 11, 15
4_12_06 6, 14, 2, 10
3_8_18 7, 15, 11
4_24_14 9, 1, 5, 13
3_10_04 1, 9, 13
1_8_04 8
7_4_22 12, 4, 8, 16, 1, 9, 13
5_11_14 10, 2, 6, 14, 3
1_25_06 6
1_4_22 16
2_25_02 4, 12
6_27_18 12, 4, 8, 16, 13, 5
5_15_22 15, 7, 11, 3, 4
2_29_10 9, 1
5_26_18 12, 4, 8, 16, 9
5_28_14 10, 2, 6, 14, 15
2_21_16 10, 2
1_22_14 5
6_27_20 13, 5, 9, 1, 14, 6
5_6_22 13, 5, 9, 1, 10
3_2_12 3, 11, 15
3_1_14 8, 16, 4
4_25_12 9, 1, 5, 13
6_5_10 7, 15, 3, 11, 8, 16
8_10_02 4, 12, 16, 8, 5, 13, 1, 9
7_8_04 4, 12, 16, 8, 9, 1, 5
6_16_04 6, 14, 2, 10, 15, 7
3_8_20 8, 16, 12
5_9_14 10, 2, 6, 14, 11
2_31_20 14, 6
8_1_02 2, 10, 14, 6, 3, 11, 15, 7
4_21_22 13, 5, 9, 1
7_29_06 7, 15, 3, 11, 4, 12, 16
5_8_10 7, 15, 3, 11, 12
6_19_14 8, 16, 4, 12, 9, 1
2_9_16 11, 3
3_25_10 8, 16, 4
4_13_14 11, 3, 7, 15
6_29_18 13, 5, 9, 1, 10, 2
8_20_10 6, 14, 2, 10, 7, 15, 3, 11
7_14_08 8, 16, 4, 12, 1, 9, 13
1_10_14 6
7_24_10 7, 15, 3, 11, 12, 4, 8
1_10_02 16
1_29_22 15
6_8_12 8, 16, 4, 12, 5, 13
6_22_14 9, 1, 5, 13, 6, 14
3_30_02 1, 9, 13
1_9_06 6
3_18_04 15, 7, 11
6_1_06 4, 12, 16, 8, 5, 13
7_5_04 4, 12, 16, 8, 5, 13, 1
2_31_22 15, 7
4_22_12 8, 16, 4, 12
4_2_14 8, 16, 4, 12
5_3_08 5, 13, 1, 9, 14
5_11_06 6, 14, 2, 10, 15
1_3_14 16
8_13_18 13, 5, 9, 1, 10, 2, 6, 14
4_13_20 14, 6, 10, 2
5_15_20 14, 6, 10, 2, 3
7_24_14 9, 1, 5, 13, 14, 6, 10
3_17_02 2, 10, 14
7_13_08 8, 16, 4, 12, 5, 13, 1
5_26_10 8, 16, 4, 12, 5
8_28_08 7, 15, 3, 11, 8, 16, 4, 12
3_4_12 3, 11, 7
1_28_20 1
2_29_00 4,12
6_3_18 10, 2, 6, 14, 11, 3
2_11_06 6, 14
1_1_18 10
4_3_22 12, 4, 8, 16
6_29_02 5, 13, 1, 9, 2, 10
6_18_22 12, 4, 8, 16, 9, 1
6_23_02 3, 11, 15, 7, 4, 12
8_31_00 4, 12, 16, 8, 1, 9, 13, 5
5_15_18 13, 5, 9, 1, 2
4_18_12 7, 15, 3, 11
3_20_22 8, 16, 12
2_26_04 1, 9
2_4_10 2, 10
1_17_06 4
6_17_02 2, 10, 14, 6, 3, 11
8_2_22 12, 4, 8, 16, 13, 5, 9, 1
3_13_10 9, 1, 5
7_21_14 9, 1, 5, 13, 10, 2, 6
8_25_04 5, 13, 1, 9, 6, 14, 2, 10
4_11_12 9, 1, 5, 13
6_14_20 14, 6, 10, 2, 7, 15
6_19_12 7, 15, 3, 11, 8, 16
2_2_02 14, 6
4_8_18 11, 3, 7, 15
3_31_22 15, 7, 3
6_2_16 9, 1, 5, 13, 6, 14
5_29_22 15, 7, 11, 3, 12
5_7_22 13, 5, 9, 1, 6
3_22_06 1, 9, 13
4_2_12 7, 15, 3, 11
7_28_02 4, 12, 16, 8, 9, 1, 5
4_11_22 14, 6, 10, 2
2_1_06 4, 12
1_19_10 14
6_31_22 15, 7, 11, 3, 12, 4
8_29_10 9, 1, 5, 13, 6, 14, 2, 10
6_31_18 13, 5, 9, 1, 10, 2
8_12_08 7, 15, 3, 11, 8, 16, 4, 12
7_24_20 12, 4, 8, 16, 1, 9, 13
4_17_20 11, 3, 7, 15
1_11_10 16
2_11_22 14, 6
6_18_00 1, 9, 13, 5, 14, 6
7_15_18 13, 5, 9, 1, 2, 10, 14
6_16_12 10, 2, 6, 14, 3, 11
6_23_18 11, 3, 7, 15, 12, 4
2_12_12 5, 13
3_22_10 3, 11, 15
2_25_08 7, 15
6_31_04 6, 14, 2, 10, 3, 11
6_24_20 12, 4, 8, 16, 9, 1
5_12_12 9, 1, 5, 13, 14
7_16_16 12, 4, 8, 16, 13, 5, 9
2_29_16 12, 4
1_5_02 3
5_2_12 7, 15, 3, 11, 4
6_23_04 4, 12, 16, 8, 5, 13
8_17_16 9, 1, 5, 13, 10, 2, 6, 14
7_6_08 6, 14, 2, 10, 3, 11, 15
5_22_22 13, 5, 9, 1, 10
5_5_06 5, 13, 1, 9, 6
4_27_02 4, 12, 16, 8
3_14_18 9, 1, 5
7_29_20 14, 6, 10, 2, 11, 3, 7
2_14_22 11, 3
6_6_04 4, 12, 16, 8, 1, 9
5_24_06 5, 13, 1, 9, 10
6_2_18 10, 2, 6, 14, 7, 15
2_17_04 3, 11
6_9_22 14, 6, 10, 2, 15, 7
2_1_20 11, 3
8_7_16 10, 2, 6, 14, 11, 3, 7, 15
6_26_20 13, 5, 9, 1, 10, 2
1_10_22 10
8_8_08 6, 14, 2, 10, 7, 15, 3, 11
5_31_06 7, 15, 3, 11, 12
6_25_14 10, 2, 6, 14, 11, 3
7_15_16 12, 4, 8, 16, 1, 9, 13
2_30_10 5, 13
1_2_10 2
4_14_08 8, 16, 4, 12
5_13_02 5, 13, 1, 9, 2
1_15_16 4
7_20_18 10, 2, 6, 14, 15, 7, 11
5_18_08 5, 13, 1, 9, 2
2_17_16 9, 1
7_23_12 8, 16, 4, 12, 1, 9, 13
8_8_06 5, 13, 1, 9, 6, 14, 2, 10
1_7_00 10
7_2_18 10, 2, 6, 14, 7, 15, 3
8_13_10 9, 1, 5, 13, 6, 14, 2, 10
8_14_02 5, 13, 1, 9, 2, 10, 14, 6
3_29_12 10, 2, 6
1_5_10 7
3_5_00 2, 10, 14
3_10_22 10, 2, 6
8_3_16 9, 1, 5, 13, 10, 2, 6, 14
4_19_20 11, 3, 7, 15
8_12_04 5, 13, 1, 9, 6, 14, 2, 10
5_1_18 10, 2, 6, 14, 11
4_11_14 10, 2, 6, 14
5_23_06 5, 13, 1, 9, 14
3_16_14 7, 15, 11
7_5_06 5, 13, 1, 9, 6, 14, 2
2_29_06 7, 15
8_27_12 9, 1, 5, 13, 10, 2, 6, 14
3_27_10 8, 16, 12
3_2_18 6, 14, 2
5_25_14 10, 2, 6, 14, 11
3_7_10 7, 15, 11
1_5_12 8
2_2_22 8, 16
1_20_14 12
3_15_08 8, 16, 12
8_19_18 10, 2, 6, 14, 11, 3, 7, 15
5_16_22 15, 7, 11, 3, 16
3_18_06 16, 8, 12
1_23_06 13
2_17_20 11, 3
7_19_22 12, 4, 8, 16, 5, 13, 1
8_7_12 8, 16, 4, 12, 9, 1, 5, 13
8_16_04 6, 14, 2, 10, 3, 11, 15, 7
6_5_14 9, 1, 5, 13, 10, 2
3_19_20 11, 3, 15
3_27_04 5, 13, 9
4_18_02 2, 10, 14, 6
2_18_08 1, 9
8_11_20 13, 5, 9, 1, 14, 6, 10, 2
4_28_00 3, 11, 15, 7
5_2_22 12, 4, 8, 16, 9
4_31_10 9, 1, 5, 13
8_29_18 13, 5, 9, 1, 10, 2, 6, 14
2_10_10 4, 12
5_15_06 7, 15, 3, 11, 12
8_13_22 15, 7, 11, 3, 12, 4, 8, 16
3_25_08 7, 15, 3
4_28_02 4, 12, 16, 8
6_5_18 11, 3, 7, 15, 12, 4
2_7_02 3, 11
4_7_18 11, 3, 7, 15
5_19_06 4, 12, 16, 8, 13
2_28_14 6, 14
6_19_10 6, 14, 2, 10, 7, 15
7_22_18 11, 3, 7, 15, 8, 16, 4
7_11_08 7, 15, 3, 11, 16, 8, 12
1_26_10 4
6_26_10 8, 16, 4, 12, 5, 13
8_9_10 8, 16, 4, 12, 9, 1, 5, 13
3_24_14 5, 13, 9
8_13_20 14, 6, 10, 2, 11, 3, 7, 15
5_14_18 13, 5, 9, 1, 6
3_20_08 1, 9, 5
1_15_18 5
4_27_20 13, 5, 9, 1
5_9_00 3, 11, 15, 7, 4
1_16_04 10
2_4_20 7, 15
4_9_06 6, 14, 2, 10
2_14_08 4, 12
5_30_00 4, 12, 16, 8, 13
5_25_00 3, 11, 15, 7, 4
8_23_12 8, 16, 4, 12, 9, 1, 5, 13
1_8_18 15
3_5_02 3, 11, 15
2_11_10 8, 16
3_18_16 5, 13, 1
6_23_22 13, 5, 9, 1, 14, 6
5_13_18 13, 5, 9, 1, 10
5_25_06 6, 14, 2, 10, 7
7_10_08 7, 15, 3, 11, 4, 12, 16
5_29_12 10, 2, 6, 14, 7
4_8_16 10, 2, 6, 14
6_7_02 3, 11, 15, 7, 4, 12
7_9_00 3, 11, 15, 7, 4, 12, 16
8_14_20 14, 6, 10, 2, 11, 3, 7, 15
7_29_22 15, 7, 11, 3, 12, 4, 8
3_3_10 6, 14, 10
4_22_02 3, 11, 15, 7
3_16_02 1, 9, 5
4_17_06 4, 12, 16, 8
6_1_14 8, 16, 4, 12, 9, 1
4_8_10 7, 15, 3, 11
2_1_18 10, 2
5_19_08 5, 13, 1, 9, 14
6_10_12 9, 1, 5, 13, 6, 14
1_24_14 13
1_1_04 3
5_29_04 6, 14, 2, 10, 3
4_9_22 14, 6, 10, 2
6_10_00 3, 11, 15, 7, 16, 8
2_8_04 16, 8
7_14_04 6, 14, 2, 10, 15, 7, 11
2_18_00 13, 5
4_17_22 12, 4, 8, 16
8_10_18 12, 4, 8, 16, 13, 5, 9, 1
4_5_12 8, 16, 4, 12
7_3_18 10, 2, 6, 14, 3, 11, 15
2_28_18 8, 16
8_5_06 5, 13, 1, 9, 6, 14, 2, 10
2_22_18 7, 15
8_5_12 8, 16, 4, 12, 9, 1, 5, 13
4_27_18 12, 4, 8, 16
7_26_14 10, 2, 6, 14, 7, 15, 3
5_16_00 4, 12, 16, 8, 5
1_19_22 4
1_26_12 5
1_30_06 3
3_27_00 3, 11, 7
7_5_12 8, 16, 4, 12, 9, 1, 5
8_22_10 7, 15, 3, 11, 8, 16, 4, 12
7_17_14 8, 16, 4, 12, 9, 1, 5
4_7_08 6, 14, 2, 10
7_5_14 9, 1, 5, 13, 10, 2, 6
5_4_06 4, 12, 16, 8, 9
3_18_12 3, 11, 15
4_31_18 13, 5, 9, 1
1_1_02 2
4_1_08 5, 13, 1, 9
5_27_10 8, 16, 4, 12, 1
3_21_02 3, 11, 15
7_18_10 6, 14, 2, 10, 3, 11, 15
2_18_06 16, 8
2_23_06 5, 13
4_3_06 4, 12, 16, 8
3_29_06 7, 15, 3
5_16_04 6, 14, 2, 10, 7
1_11_18 4
3_20_14 4, 12, 8
3_31_04 6, 14, 10
6_31_10 9, 1, 5, 13, 6, 14
8_20_04 3, 11, 15, 7, 4, 12, 16, 8
6_31_06 7, 15, 3, 11, 4, 12
3_14_20 10, 2, 6
5_29_02 5, 13, 1, 9, 2
3_4_18 6, 14, 10
3_27_14 10, 2, 14
7_28_16 11, 3, 7, 15, 16, 8, 12
5_13_14 11, 3, 7, 15, 8
4_18_00 1, 9, 13, 5
8_9_16 11, 3, 7, 15, 12, 4, 8, 16
7_3_02 2, 10, 14, 6, 11, 3, 7
1_16_22 3
5_10_02 4, 12, 16, 8, 1
2_11_12 9, 1
6_9_04 5, 13, 1, 9, 6, 14
5_5_04 4, 12, 16, 8, 5
5_10_20 13, 5, 9, 1, 10
5_7_14 9, 1, 5, 13, 2
1_10_04 1
4_13_08 8, 16, 4, 12
1_19_02 10
2_4_22 8, 16
2_18_14 4, 12
8_21_04 4, 12, 16, 8, 5, 13, 1, 9
4_10_14 10, 2, 6, 14
8_28_04 5, 13, 1, 9, 6, 14, 2, 10
7_7_06 5, 13, 1, 9, 14, 6, 10
1_9_02 4
5_12_08 7, 15, 3, 11, 12
6_25_00 3, 11, 15, 7, 4, 12
8_4_12 7, 15, 3, 11, 8, 16, 4, 12
5_3_10 6, 14, 2, 10, 15
1_25_04 5
3_10_12 5, 13, 1
6_15_12 10, 2, 6, 14, 7, 15
2_3_08 5, 13
2_28_10 4, 12
5_15_14 11, 3, 7, 15, 16
3_20_16 5, 13, 9
6_4_00 1, 9, 13, 5, 14, 6
5_28_10 8, 16, 4, 12, 13
1_28_10 12
2_13_22 15, 7
2_27_08 7, 15
1_25_16 11
1_17_10 6
7_26_20 13, 5, 9, 1, 10, 2, 6
4_12_00 3, 11, 15, 7
3_23_22 13, 5, 1
1_5_14 9
7_22_06 5, 13, 1, 9, 2, 10, 14
5_16_14 11, 3, 7, 15, 12
8_8_12 8, 16, 4, 12, 9, 1, 5, 13
7_18_22 12, 4, 8, 16, 9, 1, 5
2_16_02 1, 9
5_2_00 1, 9, 13, 5, 14
7_30_02 5, 13, 1, 9, 14, 6, 10
2_24_04 16, 8
8_23_08 6, 14, 2, 10, 7, 15, 3, 11
7_27_08 7, 15, 3, 11, 16, 8, 12
2_25_16 11, 3
6_26_00 3, 11, 15, 7, 16, 8
5_31_12 10, 2, 6, 14, 15
7_31_14 11, 3, 7, 15, 16, 8, 12
7_18_16 9, 1, 5, 13, 6, 14, 2
8_4_16 9, 1, 5, 13, 10, 2, 6, 14
1_20_08 9
7_19_00 1, 9, 13, 5, 10, 2, 6
4_23_06 5, 13, 1, 9
7_12_08 7, 15, 3, 11, 12, 4, 8
6_5_08 6, 14, 2, 10, 7, 15
7_3_08 5, 13, 1, 9, 14, 6, 10
8_10_14 10, 2, 6, 14, 11, 3, 7, 15
5_14_00 4, 12, 16, 8, 13
3_14_16 8, 16, 4
8_28_18 12, 4, 8, 16, 13, 5, 9, 1
7_21_04 4, 12, 16, 8, 5, 13, 1
2_4_14 4, 12
8_21_18 11, 3, 7, 15, 12, 4, 8, 16
