7_9_06 6, 14, 2, 10, 7, 15, 3
4_27_20 13, 5, 9, 1
3_31_04 6, 14, 10
1_7_06 13
2_5_08 6, 14
7_12_06 6, 14, 2, 10, 11, 3, 7
3_6_20 8, 16, 4
2_27_22 14, 6
3_25_20 13, 5, 9
2_3_00 1, 9
7_28_00 3, 11, 15, 7, 8, 16, 4
2_2_14 4, 12
6_21_02 3, 11, 15, 7, 4, 12
8_2_06 4, 12, 16, 8, 5, 13, 1, 9
7_19_12 7, 15, 3, 11, 16, 8, 12
6_3_22 12, 4, 8, 16, 13, 5
4_17_20 11, 3, 7, 15
8_14_14 11, 3, 7, 15, 8, 16, 4, 12
6_19_04 3, 11, 15, 7, 4, 12
7_4_14 8, 16, 4, 12, 13, 5, 9
5_12_18 12, 4, 8, 16, 1
1_8_14 13
8_21_22 13, 5, 9, 1, 14, 6, 10, 2
3_9_08 7, 15, 3
6_30_00 4, 12, 16, 8, 13, 5
3_4_16 5, 13, 9
5_24_08 6, 14, 2, 10, 11
7_20_02 2, 10, 14, 6, 7, 15, 3
1_29_08 8
5_17_16 9, 1, 5, 13, 10
4_31_00 4,12, 16, 8
1_2_06 16
3_23_02 3, 11, 7
2_12_10 4, 12
7_10_20 13, 5, 9, 1, 10, 2, 6
8_27_18 12, 4, 8, 16, 13, 5, 9, 1
4_23_18 11, 3, 7, 15
5_31_06 7, 15, 3, 11, 12
1_3_14 16
3_2_06 16, 8, 12
3_13_20 14, 6, 10
5_16_22 15, 7, 11, 3, 16
7_14_06 7, 15, 3, 11, 16, 8, 12
6_14_18 13, 5, 9, 1, 6, 14
1_1_20 11
2_20_10 2, 10
5_8_20 12, 4, 8, 16, 1
4_31_08 8, 16, 12
4_21_18 11, 3, 7, 15
1_30_02 1
4_5_10 7, 15, 3, 11
4_3_18 10, 2, 6, 14
8_16_20 14, 6, 10, 2, 11, 3, 7, 15
6_29_18 13, 5, 9, 1, 10, 2
3_13_22 15, 7, 11
8_29_22 15, 7, 11, 3, 12, 4, 8, 16
6_29_10 9, 1, 5, 13, 6, 14
1_25_18 12
3_10_08 3, 11, 15
3_17_18 10, 2, 6
1_10_06 2
3_24_22 9, 1, 13
6_9_08 7, 15, 3, 11, 8, 16
2_14_10 5, 13
3_8_22 9, 1, 13
4_21_02 3, 11, 15, 7
2_25_08 7, 15
4_3_08 5, 13, 1, 9
8_15_00 4, 12, 16, 8, 1, 9, 13, 5
2_10_14 6, 14
2_25_22 14, 6
2_28_02 16, 8
7_29_22 15, 7, 11, 3, 12, 4, 8
7_23_14 9, 1, 5, 13, 2, 10, 14
1_19_12 15
5_23_00 2, 10, 14, 6, 11
5_26_20 13, 5, 9, 1, 10
3_20_08 1, 9, 5
3_5_20 12, 4, 8
3_17_12 7, 15, 3
2_1_04 3, 11
6_1_00 1, 9, 13, 5, 2, 10
6_20_06 4, 12, 16, 8, 1, 9
2_17_12 7, 15
7_14_10 9, 1, 5, 13, 2, 10, 14
7_30_02 5, 13, 1, 9, 14, 6, 10
3_18_02 14, 6, 10
6_12_02 4, 12, 16, 8, 1, 9
6_1_04 3, 11, 15, 7, 4, 12
1_8_04 8
8_21_14 9, 1, 5, 13, 10, 2, 6, 14
4_12_00 3, 11, 15, 7
3_4_08 1, 9, 5
4_31_20 14, 6, 10, 2
6_24_20 12, 4, 8, 16, 9, 1
2_16_16 8, 16
8_7_20 12, 4, 8, 16, 13, 5, 9, 1
6_18_20 11, 3, 7, 15, 8, 16
6_1_22 12, 4, 8, 16, 13, 5
8_6_04 4, 12, 16, 8, 5, 13, 1, 9
8_20_04 3, 11, 15, 7, 4, 12, 16, 8
7_7_18 11, 3, 7, 15, 4, 12, 16
8_29_08 8, 16, 4, 12, 5, 13, 1, 9
1_20_04 7
8_28_00 3, 11, 15, 7, 4, 12, 16, 8
4_28_12 9, 1, 5, 13
7_3_04 3, 11, 15, 7, 12, 4, 8
4_7_06 5, 13, 1, 9
3_17_20 11, 3, 7
3_30_02 1, 9, 13
4_8_10 7, 15, 3, 11
5_15_02 5, 13, 1, 9, 10
6_16_04 6, 14, 2, 10, 15, 7
3_20_18 6, 14, 10
5_16_06 7, 15, 3, 11, 8
3_11_14 10, 2, 14
6_11_12 9, 1, 5, 13, 10, 2
6_31_22 15, 7, 11, 3, 12, 4
6_25_02 4, 12, 16, 8, 5, 13
4_5_00 2, 10, 14, 6
1_19_02 10
1_9_14 10
8_24_18 11, 3, 7, 15, 12, 4, 8, 16
6_30_08 8, 16, 4, 12, 1, 9
2_6_18 7, 15
6_15_04 6, 14, 2, 10, 3, 11
6_8_14 9, 1, 5, 13, 6, 14
8_6_14 9, 1, 5, 13, 10, 2, 6, 14
5_11_00 3, 11, 15, 7, 12
5_25_14 10, 2, 6, 14, 11
8_6_06 5, 13, 1, 9, 6, 14, 2, 10
3_17_10 6, 14, 2
5_1_18 10, 2, 6, 14, 11
6_7_18 11, 3, 7, 15, 12, 4
1_8_00 6
8_20_20 11, 3, 7, 15, 12, 4, 8, 16
7_11_20 13, 5, 9, 1, 6, 14, 2
8_22_12 8, 16, 4, 12, 9, 1, 5, 13
1_28_02 8
5_2_10 6, 14, 2, 10, 3
1_11_14 2
1_4_16 13
1_10_20 9
8_15_08 8, 16, 4, 12, 5, 13, 1, 9
7_26_20 13, 5, 9, 1, 10, 2, 6
6_22_02 3, 11, 15, 7, 16, 8
3_14_22 11, 3, 7
8_11_10 8, 16, 4, 12, 9, 1, 5, 13
3_19_08 5, 13, 9
6_20_10 6, 14, 2, 10, 3, 11
7_8_22 13, 5, 9, 1, 2, 10, 14
7_23_00 2, 10, 14, 6, 11, 3, 7
2_13_14 11, 3
6_14_10 9, 1, 5, 13, 2, 10
8_12_06 6, 14, 2, 10, 7, 15, 3, 11
6_7_10 7, 15, 3, 11, 8, 16
7_12_04 5, 13, 1, 9, 10, 2, 6
3_12_22 10, 2, 14
4_13_22 15, 7, 11, 3
5_16_08 8, 16, 4, 12, 9
1_15_18 5
4_10_12 9, 1, 5, 13
6_31_00 4, 12, 16, 8, 1, 9
5_1_12 7, 15, 3, 11, 8
8_24_22 13, 5, 9, 1, 14, 6, 10, 2
2_15_12 10, 2
7_3_14 8, 16, 4, 12, 1, 9, 13
5_23_16 10, 2, 6, 14, 3
8_25_12 9, 1, 5, 13, 10, 2, 6, 14
5_20_18 10, 2, 6, 14, 15
5_22_18 11, 3, 7, 15, 8
5_27_00 3, 11, 15, 7, 12
6_1_20 11, 3, 7, 15, 12, 4
6_18_22 12, 4, 8, 16, 9, 1
7_15_02 5, 13, 1, 9, 10, 2, 6
6_11_22 14, 6, 10, 2, 15, 7
6_24_04 4, 12, 16, 8, 1, 9
1_8_10 11
8_24_10 7, 15, 3, 11, 8, 16, 4, 12
4_5_04 4, 12, 16, 8
1_2_10 2
7_31_08 8, 16, 4, 12, 13, 5, 9
7_26_00 3, 11, 15, 7, 16, 8, 12
5_6_14 9, 1, 5, 13, 6
6_28_14 10, 2, 6, 14, 7, 15
6_24_14 9, 1, 5, 13, 6, 14
1_25_14 10
3_1_06 4, 12, 16
5_22_12 8, 16, 4, 12, 5
4_18_02 2, 10, 14, 6
8_18_06 4, 12, 16, 8, 5, 13, 1, 9
1_12_18 16
3_11_10 8, 16, 12
4_18_14 8, 16, 4, 12
7_7_22 13, 5, 9, 1, 6, 14, 2
4_4_08 5, 13, 1, 9
6_25_10 8, 16, 4, 12, 9, 1
2_21_22 13, 5
8_7_04 4, 12, 16, 8, 5, 13, 1, 9
8_31_12 10, 2, 6, 14, 7, 15, 3, 11
2_2_12 3, 11
5_11_14 10, 2, 6, 14, 3
7_26_14 10, 2, 6, 14, 7, 15, 3
1_18_16 5
2_27_12 9, 1
1_23_10 15
5_6_20 12, 4, 8, 16, 9
2_11_06 6, 14
8_25_22 14, 6, 10, 2, 15, 7, 11, 3
2_21_20 12, 4
3_30_22 11, 3, 7
7_8_20 12, 4, 8, 16, 1, 9, 13
4_5_06 5, 13, 1, 9
3_24_06 1, 9, 5
1_11_16 3
3_25_10 8, 16, 4
6_20_04 3, 11, 15, 7, 16, 8
2_17_20 11, 3
5_3_08 5, 13, 1, 9, 14
7_22_02 3, 11, 15, 7, 16, 8, 12
6_24_22 13, 5, 9, 1, 10, 2
2_7_00 2, 10
3_18_14 4, 12, 16
2_14_20 10, 2
8_5_08 6, 14, 2, 10, 7, 15, 3, 11
2_2_10 2, 10
5_13_10 9, 1, 5, 13, 6
7_27_16 11, 3, 7, 15, 4, 12, 16
2_23_20 12, 4
4_1_20 11, 3, 7, 15
7_12_22 14, 6, 10, 2, 3, 11, 15
5_6_06 5, 13, 1, 9, 2
6_28_16 11, 3, 7, 15, 8, 16
2_10_08 3, 11
5_11_16 11, 3, 7, 15, 4
2_15_16 12, 4
7_14_14 11, 3, 7, 15, 4, 12, 16
1_8_06 9
6_8_02 3, 11, 15, 7, 16, 8
4_8_12 8, 16, 4, 12
2_16_14 7, 15
4_4_00 1, 9, 13, 5
8_8_00 2, 10, 14, 6, 3, 11, 15, 7
2_9_14 10, 2
6_31_02 5, 13, 1, 9, 2, 10
4_10_16 11, 3, 7, 15
8_10_22 14, 6, 10, 2, 15, 7, 11, 3
6_16_00 4, 12, 16, 8, 13, 5
4_21_16 10, 2, 6, 14
5_17_14 8, 16, 4, 12, 9
1_24_00 6
2_9_18 12, 4
7_17_20 11, 3, 7, 15, 12, 4, 8
1_6_16 6
4_15_18 13, 5, 9, 1
5_14_06 7, 15, 3, 11, 16
6_11_04 5, 13, 1, 9, 6, 14
1_31_00 12
8_7_10 7, 15, 3, 11, 8, 16, 4, 12
8_26_20 13, 5, 9, 1, 14, 6, 10, 2
2_31_10 9, 1
3_4_06 16, 8, 4
3_20_16 5, 13, 9
5_15_20 14, 6, 10, 2, 3
8_8_06 5, 13, 1, 9, 6, 14, 2, 10
4_2_08 5, 13, 1, 9
5_28_22 14, 6, 10, 2, 3
5_23_14 9, 1, 5, 13, 2
1_17_10 6
3_12_16 7, 15, 11
1_16_14 15
2_23_18 11, 3
3_7_04 4, 12, 8
1_3_18 2
7_9_16 11, 3, 7, 15, 12, 4, 8
2_17_10 6, 14
1_12_08 11
8_29_14 11, 3, 7, 15, 8, 16, 4, 12
5_9_12 9, 1, 5, 13, 10
6_4_04 3, 11, 15, 7, 16, 8
4_7_04 4, 12, 16, 8
1_23_20 4
4_27_02 4, 12, 16, 8
8_20_02 2, 10, 14, 6, 3, 11, 15, 7
6_29_06 7, 15, 3, 11, 4, 12
5_15_14 11, 3, 7, 15, 16
1_5_20 12
6_12_18 12, 4, 8, 16, 9, 1
2_17_22 12, 4
8_8_20 12, 4, 8, 16, 13, 5, 9, 1
8_20_18 10, 2, 6, 14, 11, 3, 7, 15
8_12_08 7, 15, 3, 11, 8, 16, 4, 12
4_4_22 12, 4, 8, 16
1_25_22 14
7_31_22 15, 7, 11, 3, 4, 12, 16
1_26_02 16
2_15_04 6, 14
3_15_04 6, 14, 10
4_14_22 15, 7, 11, 3
5_31_22 15, 7, 11, 3, 4
5_19_18 10, 2, 6, 14, 3
4_9_02 4, 12, 16, 8
3_7_14 9, 1, 13
1_30_06 3
1_13_08 8
4_23_12 8, 16, 4, 12
4_28_08 7, 15, 3, 11
7_8_02 3, 11, 15, 7, 8, 16, 4
7_21_18 11, 3, 7, 15, 12, 4, 8
1_3_08 13
8_4_06 4, 12, 16, 8, 5, 13, 1, 9
4_15_02 5, 13, 1, 9
6_12_12 9, 1, 5, 13, 6, 14
7_13_12 10, 2, 6, 14, 7, 15, 3
5_6_12 8, 16, 4, 12, 5
5_31_10 9, 1, 5, 13, 14
5_20_04 3, 11, 15, 7, 8
1_20_18 14
8_3_20 11, 3, 7, 15, 12, 4, 8, 16
3_3_04 3, 11, 7
4_14_18 13, 5, 9, 1
4_15_08 8, 16, 12
5_19_10 6, 14, 2, 10, 15
8_3_04 3, 11, 15, 7, 4, 12, 16, 8
5_26_18 12, 4, 8, 16, 9
7_12_02 4, 12, 16, 8, 9, 1, 5
4_19_02 2, 10, 14, 6
4_4_10 6, 14, 2, 10
4_25_08 7, 15, 3, 11
5_18_14 8, 16, 4, 12, 5
4_3_20 11, 3, 7, 15
6_10_00 3, 11, 15, 7, 16, 8
7_19_08 5, 13, 1, 9, 14, 6, 10
5_23_08 6, 14, 2, 10, 15
1_12_16 15
5_16_14 11, 3, 7, 15, 12
8_31_06 7, 15, 3, 11, 4, 12, 16, 8
2_20_04 15, 7
2_13_10 9, 1
1_24_02 7
8_11_08 7, 15, 3, 11, 8, 16, 4, 12
3_13_12 10, 2, 6
6_14_22 15, 7, 11, 3, 8, 16
1_6_14 5
3_21_20 12, 4, 8
6_14_14 11, 3, 7, 15, 4, 12
8_5_16 10, 2, 6, 14, 11, 3, 7, 15
8_9_14 10, 2, 6, 14, 11, 3, 7, 15
1_6_00 14
5_9_22 14, 6, 10, 2, 15
7_11_14 10, 2, 6, 14, 3, 11, 15
5_17_00 1, 9, 13, 5, 2
8_24_08 6, 14, 2, 10, 7, 15, 3, 11
1_31_16 4
6_17_08 5, 13, 1, 9, 6, 14
1_24_20 16
3_10_06 2, 10, 14
5_4_20 11, 3, 7, 15, 16
1_21_12 8
8_25_08 7, 15, 3, 11, 8, 16, 4, 12
4_26_12 9, 1, 5, 13
2_23_12 8, 16
1_15_22 7
2_10_04 1, 9
2_26_10 4, 12
3_16_02 1, 9, 5
5_27_18 12, 4, 8, 16, 5
8_30_02 5, 13, 1, 9, 2, 10, 14, 6
8_11_22 14, 6, 10, 2, 15, 7, 11, 3
4_22_00 2, 10, 14, 6
6_11_08 7, 15, 3, 11, 8, 16
6_6_04 4, 12, 16, 8, 1, 9
1_2_08 1
3_9_02 4, 12, 16
3_5_18 11, 3, 7
1_1_12 7
2_17_16 9, 1
6_22_06 5, 13, 1, 9, 2, 10
8_2_02 2, 10, 14, 6, 3, 11, 15, 7
1_6_18 7
2_5_02 3, 11
6_5_02 3, 11, 15, 7, 4, 12
1_27_14 2
5_25_06 6, 14, 2, 10, 7
3_28_02 16, 8, 4
7_5_18 11, 3, 7, 15, 12, 4, 8
4_27_18 12, 4, 8, 16
1_22_18 7
1_14_04 2
5_8_08 6, 14, 2, 10, 11
7_24_00 2, 10, 14, 6, 7, 15, 3
6_1_10 6, 14, 2, 10, 7, 15
6_25_22 14, 6, 10, 2, 15, 7
1_10_16 7
3_1_16 9, 1, 5
7_28_04 5, 13, 1, 9, 10, 2, 6
2_13_02 5, 13
3_29_22 15, 7, 11
6_8_20 12, 4, 8, 16, 9, 1
6_10_22 14, 6, 10, 2, 11, 3
3_6_08 2, 10, 14
7_26_08 7, 15, 3, 11, 4, 12, 16
6_8_00 2, 10, 14, 6, 15, 7
6_2_16 9, 1, 5, 13, 6, 14
2_4_16 5, 13
3_25_18 12, 4, 8
4_28_02 4, 12, 16, 8
6_1_02 2, 10, 14, 6, 3, 11
6_31_06 7, 15, 3, 11, 4, 12
6_10_08 7, 15, 3, 11, 4, 12
4_31_14 11, 3, 7, 15
8_30_10 9, 1, 5, 13, 6, 14, 2, 10
8_16_18 13, 5, 9, 1, 10, 2, 6, 14
4_16_02 5, 13, 1, 9
2_7_06 5, 13
5_28_02 4, 12, 16, 8, 9
3_7_00 2, 10, 6
4_21_14 9, 1, 5, 13
8_17_14 8, 16, 4, 12, 9, 1, 5, 13
7_5_08 6, 14, 2, 10, 7, 15, 3
5_3_10 6, 14, 2, 10, 15
1_20_02 6
7_14_04 6, 14, 2, 10, 15, 7, 11
5_13_04 6, 14, 2, 10, 3
3_18_04 15, 7, 11
1_22_10 3
8_27_12 9, 1, 5, 13, 10, 2, 6, 14
4_26_04 5, 13, 1, 9
7_14_08 8, 16, 4, 12, 1, 9, 13
2_13_08 8, 16
5_5_14 9, 1, 5, 13, 10
5_31_14 11, 3, 7, 15, 16
4_28_00 3, 11, 15, 7
5_8_00 2, 10, 14, 6, 7
3_11_02 4, 12, 8
3_8_16 6, 14, 10
5_19_20 11, 3, 7, 15, 4
8_21_02 3, 11, 15, 7, 4, 12, 16, 8
6_14_04 6, 14, 2, 10, 15, 7
4_6_06 5, 13, 1, 9
3_12_18 8, 16, 12
5_9_18 12, 4, 8, 16, 13
7_13_08 8, 16, 4, 12, 5, 13, 1
7_1_12 7, 15, 3, 11, 8, 16, 4
1_15_04 14
4_17_14 8, 16, 4, 12
3_23_00 2, 10, 6
7_14_02 5, 13, 1, 9, 14, 6, 10
3_13_02 5, 13, 1
2_21_06 5, 13
3_21_16 10, 2, 6
6_5_16 10, 2, 6, 14, 11, 3
1_23_08 14
6_6_18 11, 3, 7, 15, 8, 16
3_19_18 10, 2, 14
8_30_20 14, 6, 10, 2, 11, 3, 7, 15
6_17_06 4, 12, 16, 8, 5, 13
5_14_16 12, 4, 8, 16, 5
3_15_06 7, 15, 11
4_31_10 9, 1, 5, 13
6_15_08 8, 16, 4, 12, 5, 13
5_29_12 10, 2, 6, 14, 7
1_11_22 6
5_2_00 1, 9, 13, 5, 14
6_7_04 4, 12, 16, 8, 5, 13
1_28_12 13
4_2_00 1, 9, 13, 5
1_31_06 15
7_25_08 7, 15, 3, 11, 8, 16, 4
6_4_22 12, 4, 8, 16, 9, 1
1_17_14 8
6_6_00 2, 10, 14, 6, 15, 7
4_23_10 7, 15, 3, 11
4_19_00 1, 9, 13, 5
4_26_14 10, 2, 6, 14
4_18_10 6, 14, 2, 10
8_3_00 1, 9, 13, 5, 2, 10, 14, 6
7_2_04 3, 11, 15, 7, 16, 8, 12
7_2_12 7, 15, 3, 11, 4, 12, 16
6_29_08 8, 16, 4, 12, 5, 13
6_25_06 6, 14, 2, 10, 7, 15
4_2_12 7, 15, 3, 11
5_22_20 12, 4, 8, 16, 9
7_4_08 5, 13, 1, 9, 10, 2, 6
8_1_18 10, 2, 6, 14, 11, 3, 7, 15
4_17_02 2, 10, 14, 6
1_26_16 7
2_29_14 11, 3
6_30_02 5, 13, 1, 9, 14, 6
2_24_14 5, 13
6_5_22 13, 5, 9, 1, 14, 6
5_17_10 6, 14, 2, 10, 7
2_1_22 12, 4
8_19_22 12, 4, 8, 16, 13, 5, 9, 1
8_26_06 6, 14, 2, 10, 7, 15, 3, 11
7_18_22 12, 4, 8, 16, 9, 1, 5
5_20_08 5, 13, 1, 9, 10
7_2_00 1, 9, 13, 5, 14, 6, 10
4_20_02 2, 10, 14, 6
7_11_10 8, 16, 4, 12, 1, 9, 13
7_17_08 5, 13, 1, 9, 6, 14, 2
2_22_08 2, 10
3_7_12 8, 16, 12
6_20_14 8, 16, 4, 12, 5, 13
6_27_06 6, 14, 2, 10, 7, 15
6_10_14 10, 2, 6, 14, 7, 15
6_11_02 4, 12, 16, 8, 5, 13
6_9_12 9, 1, 5, 13, 10, 2
7_3_16 9, 1, 5, 13, 2, 10, 14
2_25_06 6, 14
2_3_02 2, 10
4_15_04 6, 14, 2, 10
2_18_16 5, 13
3_6_16 6, 14, 2
5_23_06 5, 13, 1, 9, 14
4_3_16 9, 1, 5, 13
3_7_18 11, 3, 15
4_13_14 11, 3, 7, 15
6_6_06 5, 13, 1, 9, 2, 10
1_27_16 3
8_16_04 6, 14, 2, 10, 3, 11, 15, 7
4_22_10 7, 15, 3, 11
6_20_20 11, 3, 7, 15, 8, 16
1_10_00 15
2_9_12 9, 1
3_6_14 5, 13, 1
4_10_20 13, 5, 9, 1
5_2_08 5, 13, 1, 9, 2
4_8_18 11, 3, 7, 15
7_17_12 7, 15, 3, 11, 8, 16, 4
6_3_02 2, 10, 14, 6, 3, 11
5_9_10 8, 16, 4, 12, 9
8_1_16 9, 1, 5, 13, 10, 2, 6, 14
6_18_12 7, 15, 3, 11, 4, 12
1_20_20 15
4_9_14 10, 2, 6, 14
7_6_10 7, 15, 3, 11, 4, 12, 16
2_20_12 3, 11
8_9_20 13, 5, 9, 1, 14, 6, 10, 2
7_20_14 8, 16, 4, 12, 13, 5, 9
1_23_06 13
8_22_04 4, 12, 16, 8, 5, 13, 1, 9
4_6_12 8, 16, 4, 12
3_16_06 3, 11, 7
4_1_22 12, 4, 8, 16
8_7_12 8, 16, 4, 12, 9, 1, 5, 13
8_15_16 12, 4, 8, 16, 9, 1, 5, 13
4_23_16 10, 2, 6, 14
6_11_20 13, 5, 9, 1, 14, 6
6_3_04 3, 11, 15, 7, 4, 12
7_26_04 5, 13, 1, 9, 2, 10, 14
3_18_22 8, 16, 4
5_27_20 13, 5, 9, 1, 6
3_23_10 7, 15, 11
2_21_12 8, 16
3_14_16 8, 16, 4
8_25_02 4, 12, 16, 8, 5, 13, 1, 9
5_5_10 7, 15, 3, 11, 8
3_17_22 12, 4, 8
1_19_20 3
8_31_10 9, 1, 5, 13, 6, 14, 2, 10
6_8_18 11, 3, 7, 15, 8, 16
2_18_04 15, 7
4_9_06 6, 14, 2, 10
7_18_02 2, 10, 14, 6, 15, 7, 11
7_30_22 15, 7, 11, 3, 8, 16, 4
6_1_16 9, 1, 5, 13, 10, 2
7_28_14 10, 2, 6, 14, 15, 7, 11
5_28_18 12, 4, 8, 16, 1
3_16_22 11, 3, 15
2_25_02 4, 12
3_12_02 16, 8, 4
2_3_16 9, 1
6_13_12 10, 2, 6, 14, 7, 15
4_2_04 3, 11, 15, 7
5_29_08 8, 16, 4, 12, 5
2_8_10 3, 11
4_22_14 9, 1, 5, 13
1_16_02 9
6_6_22 13, 5, 9, 1, 10, 2
4_2_18 10, 2, 6, 14
7_14_20 14, 6, 10, 2, 7, 15, 3
7_25_02 4, 12, 16, 8, 5, 13, 1
4_4_18 10, 2, 6, 14
7_31_06 7, 15, 3, 11, 12, 4, 8
4_30_10 9, 1, 5, 13
4_2_02 2, 10, 14, 6
5_19_04 3, 11, 15, 7, 12
6_3_16 9, 1, 5, 13, 10, 2
8_1_20 11, 3, 7, 15, 12, 4, 8, 16
4_27_00 3, 11, 15, 7
5_2_16 9, 1, 5, 13, 6
8_29_06 7, 15, 3, 11, 4, 12, 16, 8
1_11_02 12
2_12_08 3, 11
