1_9_02 4
7_20_10 6, 14, 2, 10, 11, 3, 7
1_15_12 2
6_18_00 1, 9, 13, 5, 14, 6
8_8_14 9, 1, 5, 13, 10, 2, 6, 14
5_20_04 3, 11, 15, 7, 8
4_31_08 8, 16, 12
6_4_06 4, 12, 16, 8, 1, 9
6_29_10 9, 1, 5, 13, 6, 14
8_12_22 14, 6, 10, 2, 15, 7, 11, 3
2_1_16 9, 1
4_19_20 11, 3, 7, 15
4_4_12 7, 15, 3, 11
4_8_14 9, 1, 5, 13
2_22_10 3, 11
8_10_22 14, 6, 10, 2, 15, 7, 11, 3
8_15_20 14, 6, 10, 2, 11, 3, 7, 15
8_27_04 5, 13, 1, 9, 6, 14, 2, 10
5_29_20 14, 6, 10, 2, 11
8_14_00 4, 12, 16, 8, 1, 9, 13, 5
7_4_08 5, 13, 1, 9, 10, 2, 6
6_24_18 11, 3, 7, 15, 8, 16
8_25_04 5, 13, 1, 9, 6, 14, 2, 10
1_28_16 15
2_9_20 13, 5
7_15_06 7, 15, 3, 11, 12, 4, 8
6_18_22 12, 4, 8, 16, 9, 1
2_8_02 15, 7
1_4_10 10
1_29_08 8
8_8_18 11, 3, 7, 15, 12, 4, 8, 16
8_28_10 8, 16, 4, 12, 9, 1, 5, 13
3_5_12 8, 16, 4
7_28_10 8, 16, 4, 12, 13, 5, 9
8_27_10 8, 16, 4, 12, 9, 1, 5, 13
4_25_08 7, 15, 3, 11
2_25_16 11, 3
4_17_10 6, 14, 2, 10
6_16_12 10, 2, 6, 14, 3, 11
3_7_22 13, 5, 1
3_23_18 11, 3, 15
5_31_02 5, 13, 1, 9, 10
4_23_18 11, 3, 7, 15
1_30_06 3
2_30_04 2, 10
5_13_06 7, 15, 3, 11, 4
8_15_14 11, 3, 7, 15, 8, 16, 4, 12
4_30_18 13, 5, 9, 1
1_29_16 12
5_30_02 5, 13, 1, 9, 14
8_18_22 12, 4, 8, 16, 13, 5, 9, 1
4_25_12 9, 1, 5, 13
7_4_14 8, 16, 4, 12, 13, 5, 9
5_11_08 7, 15, 3, 11, 16
1_27_04 13
5_13_08 8, 16, 4, 12, 5
3_18_10 2, 10, 14
4_24_06 5, 13, 1, 9
4_14_10 9, 1, 5, 13
2_11_18 12, 4
8_28_22 14, 6, 10, 2, 15, 7, 11, 3
1_17_02 2
2_28_20 9, 1
4_26_02 4, 12, 16, 8
6_13_04 6, 14, 2, 10, 3, 11
6_17_10 6, 14, 2, 10, 7, 15
8_3_18 10, 2, 6, 14, 11, 3, 7, 15
4_3_04 3, 11, 15, 7
4_21_08 6, 14, 2, 10
5_20_20 11, 3, 7, 15, 16
3_19_16 9, 1, 13
5_11_06 6, 14, 2, 10, 15
8_17_12 7, 15, 3, 11, 8, 16, 4, 12
3_20_10 2, 10, 6
7_2_18 10, 2, 6, 14, 7, 15, 3
1_3_16 1
3_26_00 15, 7, 11
1_26_18 8
5_14_14 11, 3, 7, 15, 4
7_28_20 13, 5, 9, 1, 2, 10, 14
2_25_06 6, 14
3_13_16 12, 4, 8
6_21_00 2, 10, 14, 6, 3, 11
3_30_12 6, 14, 2
7_24_18 11, 3, 7, 15, 16, 8, 12
3_11_14 10, 2, 14
4_3_00 1, 9, 13, 5
4_19_06 4, 12, 16, 8
8_6_00 2, 10, 14, 6, 3, 11, 15, 7
8_24_14 9, 1, 5, 13, 10, 2, 6, 14
1_29_14 11
4_7_04 4, 12, 16, 8
2_23_22 13, 5
4_22_06 5, 13, 1, 9
7_30_12 10, 2, 6, 14, 3, 11, 15
6_14_12 10, 2, 6, 14, 3, 11
8_16_20 14, 6, 10, 2, 11, 3, 7, 15
5_26_12 9, 1, 5, 13, 6
7_20_22 12, 4, 8, 16, 1, 9, 13
4_6_12 8, 16, 4, 12
7_28_02 4, 12, 16, 8, 9, 1, 5
2_16_22 11, 3
8_24_06 5, 13, 1, 9, 6, 14, 2, 10
5_21_14 9, 1, 5, 13, 10
6_24_20 12, 4, 8, 16, 9, 1
5_20_02 2, 10, 14, 6, 7
6_1_20 11, 3, 7, 15, 12, 4
4_10_00 3, 11, 15, 7
2_13_00 4,12
3_15_10 9, 1, 13
2_16_10 5, 13
1_21_22 13
3_25_12 9, 1, 5
1_24_20 16
2_25_08 7, 15
3_19_02 2, 10, 6
7_8_04 4, 12, 16, 8, 9, 1, 5
8_4_02 2, 10, 14, 6, 3, 11, 15, 7
4_20_14 8, 16, 4, 12
2_5_20 12, 4
3_8_18 7, 15, 11
2_21_20 12, 4
1_19_06 12
2_26_14 6, 14
5_23_04 4, 12, 16, 8, 13
7_30_18 13, 5, 9, 1, 6, 14, 2
2_7_22 13, 5
8_8_22 13, 5, 9, 1, 14, 6, 10, 2
5_7_08 6, 14, 2, 10, 15
4_22_14 9, 1, 5, 13
2_31_18 13, 5
2_29_20 14, 6
4_15_04 6, 14, 2, 10
1_21_12 8
5_30_06 7, 15, 3, 11, 16
4_19_10 6, 14, 2, 10
4_18_00 1, 9, 13, 5
5_12_12 9, 1, 5, 13, 14
8_22_12 8, 16, 4, 12, 9, 1, 5, 13
3_21_16 10, 2, 6
3_4_22 8, 16, 12
7_14_04 6, 14, 2, 10, 15, 7, 11
7_10_16 11, 3, 7, 15, 8, 16, 4
3_6_10 3, 11, 15
2_6_02 15, 7
5_10_22 14, 6, 10, 2, 11
3_28_12 5, 13, 9
6_21_18 11, 3, 7, 15, 12, 4
3_7_14 9, 1, 13
3_21_10 7, 15, 3
4_1_12 7, 15, 3, 11
8_17_10 6, 14, 2, 10, 7, 15, 3, 11
2_15_06 7, 15
8_4_14 8, 16, 4, 12, 9, 1, 5, 13
6_23_12 8, 16, 4, 12, 9, 1
5_31_00 4, 12, 16, 8, 9
4_13_22 15, 7, 11, 3
6_3_22 12, 4, 8, 16, 13, 5
5_22_00 2, 10, 14, 6, 15
5_14_10 9, 1, 5, 13, 2
6_11_00 3, 11, 15, 7, 4, 12
5_9_12 9, 1, 5, 13, 10
1_2_00 13
3_8_00 14, 6, 2
3_16_16 8, 16, 12
5_28_00 3, 11, 15, 7, 8
4_17_00 1, 9, 13, 5
8_22_06 5, 13, 1, 9, 6, 14, 2, 10
1_1_14 8
2_26_16 7, 15
2_12_08 3, 11
1_14_14 7
8_9_10 8, 16, 4, 12, 9, 1, 5, 13
4_14_04 6, 14, 2, 10
5_29_22 15, 7, 11, 3, 12
5_23_14 9, 1, 5, 13, 2
6_1_18 10, 2, 6, 14, 11, 3
8_18_12 7, 15, 3, 11, 8, 16, 4, 12
7_9_16 11, 3, 7, 15, 12, 4, 8
5_15_08 8, 16, 4, 12, 13
8_2_16 9, 1, 5, 13, 10, 2, 6, 14
7_18_02 2, 10, 14, 6, 15, 7, 11
7_8_02 3, 11, 15, 7, 8, 16, 4
7_7_14 9, 1, 5, 13, 2, 10, 14
8_24_10 7, 15, 3, 11, 8, 16, 4, 12
1_16_08 12
2_6_14 5, 13
6_13_02 5, 13, 1, 9, 2, 10
6_14_16 12, 4, 8, 16, 5, 13
6_13_22 15, 7, 11, 3, 12, 4
8_21_04 4, 12, 16, 8, 5, 13, 1, 9
8_27_16 11, 3, 7, 15, 12, 4, 8, 16
3_31_14 11, 3, 15
1_11_14 2
7_28_12 9, 1, 5, 13, 14, 6, 10
2_5_00 2, 10
1_24_14 13
1_24_16 14
5_22_22 13, 5, 9, 1, 10
5_21_10 7, 15, 3, 11, 8
6_21_20 12, 4, 8, 16, 13, 5
1_22_22 9
8_10_14 10, 2, 6, 14, 11, 3, 7, 15
8_6_18 11, 3, 7, 15, 12, 4, 8, 16
4_30_14 11, 3, 7, 15
7_24_22 13, 5, 9, 1, 2, 10, 14
1_31_00 12
6_9_06 6, 14, 2, 10, 7, 15
5_7_02 3, 11, 15, 7, 12
2_20_08 1, 9
7_19_20 11, 3, 7, 15, 4, 12, 16
4_8_20 12, 4, 8, 16
2_26_18 8, 16
3_25_02 4, 12, 16
2_17_22 12, 4
1_15_14 3
6_29_08 8, 16, 4, 12, 5, 13
8_21_18 11, 3, 7, 15, 12, 4, 8, 16
3_14_16 8, 16, 4
2_18_22 8, 16
1_25_08 7
4_19_16 9, 1, 5, 13
7_12_18 12, 4, 8, 16, 1, 9, 13
2_31_12 10, 2
5_26_22 14, 6, 10, 2, 11
4_19_00 1, 9, 13, 5
5_10_16 11, 3, 7, 15, 8
3_5_10 7, 15, 3
1_30_18 9
5_27_14 10, 2, 6, 14, 3
1_5_08 6
8_18_04 3, 11, 15, 7, 4, 12, 16, 8
5_8_14 9, 1, 5, 13, 14
6_6_20 12, 4, 8, 16, 9, 1
7_23_00 2, 10, 14, 6, 11, 3, 7
2_14_14 7, 15
8_12_18 12, 4, 8, 16, 13, 5, 9, 1
7_3_02 2, 10, 14, 6, 11, 3, 7
2_14_10 5, 13
6_1_02 2, 10, 14, 6, 3, 11
4_19_08 5, 13, 1, 9
1_7_02 11
5_22_18 11, 3, 7, 15, 8
6_31_10 9, 1, 5, 13, 6, 14
7_29_04 6, 14, 2, 10, 3, 11, 15
8_19_12 7, 15, 3, 11, 8, 16, 4, 12
4_21_02 3, 11, 15, 7
4_27_12 9, 1, 5, 13
8_15_18 13, 5, 9, 1, 10, 2, 6, 14
1_9_16 11
3_10_06 2, 10, 14
7_1_00 1, 9, 13, 5, 2, 10, 14
7_5_12 8, 16, 4, 12, 9, 1, 5
1_22_00 14
2_17_12 7, 15
1_28_02 8
2_26_02 16, 8
7_7_00 2, 10, 14, 6, 11, 3, 7
4_20_10 6, 14, 2, 10
5_27_20 13, 5, 9, 1, 6
2_11_22 14, 6
7_7_02 3, 11, 15, 7, 12, 4, 8
6_7_14 9, 1, 5, 13, 10, 2
3_15_20 14, 6, 2
1_27_12 1
5_11_02 4, 12, 16, 8, 13
1_21_02 3
5_21_00 2, 10, 14, 6, 3
7_18_04 3, 11, 15, 7, 16, 8, 12
8_29_22 15, 7, 11, 3, 12, 4, 8, 16
2_26_22 10, 2
7_12_04 5, 13, 1, 9, 10, 2, 6
2_15_18 13, 5
7_16_00 4, 12, 16, 8, 5, 13, 1
7_5_04 4, 12, 16, 8, 5, 13, 1
2_22_12 4, 12
1_2_18 6
6_20_14 8, 16, 4, 12, 5, 13
1_4_00 5
1_19_22 4
7_3_04 3, 11, 15, 7, 12, 4, 8
3_26_16 7, 15, 3
1_5_12 8
1_12_04 9
3_15_12 10, 2, 14
4_24_12 8, 16, 4, 12
4_29_12 10, 2, 6, 14
2_12_00 15, 7
5_8_12 8, 16, 4, 12, 13
2_29_08 8, 16
7_15_18 13, 5, 9, 1, 2, 10, 14
2_13_02 5, 13
7_14_14 11, 3, 7, 15, 4, 12, 16
8_13_00 4, 12, 16, 8, 1, 9, 13, 5
6_30_22 15, 7, 11, 3, 8, 16
6_29_00 4, 12, 16, 8, 1, 9
3_28_16 7, 15, 11
1_30_10 5
