1_8_14 13
3_24_08 2, 10, 6
7_19_14 8, 16, 4, 12, 1, 9, 13
3_15_14 11, 3, 15
7_12_06 6, 14, 2, 10, 11, 3, 7
7_29_02 5, 13, 1, 9, 2, 10, 14
7_6_10 7, 15, 3, 11, 4, 12, 16
4_25_10 8, 16, 4, 12
5_27_04 5, 13, 1, 9, 14
6_4_02 2, 10, 14, 6, 15, 7
4_3_20 11, 3, 7, 15
1_18_18 6
2_6_06 1, 9
6_12_14 10, 2, 6, 14, 7, 15
8_14_14 11, 3, 7, 15, 8, 16, 4, 12
3_19_22 12, 4, 16
5_12_12 9, 1, 5, 13, 14
8_15_04 6, 14, 2, 10, 3, 11, 15, 7
6_18_20 11, 3, 7, 15, 8, 16
1_22_20 8
1_2_22 8
2_20_22 8, 16
7_24_00 2, 10, 14, 6, 7, 15, 3
8_15_06 7, 15, 3, 11, 4, 12, 16, 8
8_7_10 7, 15, 3, 11, 8, 16, 4, 12
3_10_10 4, 12, 16
1_1_22 12
4_3_16 9, 1, 5, 13
6_17_06 4, 12, 16, 8, 5, 13
8_23_04 4, 12, 16, 8, 5, 13, 1, 9
6_9_16 11, 3, 7, 15, 12, 4
2_5_06 5, 13
4_22_00 2, 10, 14, 6
7_5_14 9, 1, 5, 13, 10, 2, 6
5_31_02 5, 13, 1, 9, 10
3_1_12 7, 15, 3
1_12_16 15
2_31_06 7, 15
2_20_20 7, 15
7_26_08 7, 15, 3, 11, 4, 12, 16
6_13_16 12, 4, 8, 16, 9, 1
5_31_04 6, 14, 2, 10, 11
1_29_14 11
7_24_14 9, 1, 5, 13, 14, 6, 10
1_3_20 3
1_4_22 16
7_30_02 5, 13, 1, 9, 14, 6, 10
6_26_08 7, 15, 3, 11, 4, 12
4_10_20 13, 5, 9, 1
8_22_00 2, 10, 14, 6, 3, 11, 15, 7
5_13_12 10, 2, 6, 14, 7
3_25_06 6, 14, 2
6_11_14 10, 2, 6, 14, 11, 3
7_18_12 7, 15, 3, 11, 4, 12, 16
3_23_06 5, 13, 9
7_28_06 6, 14, 2, 10, 11, 3, 7
7_9_08 7, 15, 3, 11, 8, 16, 4
8_1_16 9, 1, 5, 13, 10, 2, 6, 14
6_6_10 7, 15, 3, 11, 4, 12
5_4_14 8, 16, 4, 12, 13
1_11_14 2
1_9_22 14
7_22_06 5, 13, 1, 9, 2, 10, 14
1_12_12 13
4_23_20 12, 4, 8, 16
3_15_22 15, 7, 3
6_10_12 9, 1, 5, 13, 6, 14
5_9_02 4, 12, 16, 8, 5
6_23_08 6, 14, 2, 10, 7, 15
7_17_22 12, 4, 8, 16, 13, 5, 9
5_7_14 9, 1, 5, 13, 2
4_3_12 7, 15, 3, 11
8_10_10 8, 16, 4, 12, 9, 1, 5, 13
1_13_18 13
5_25_08 7, 15, 3, 11, 8
4_11_00 3, 11, 15, 7
8_10_20 13, 5, 9, 1, 14, 6, 10, 2
2_2_16 5, 13
6_22_20 12, 4, 8, 16, 9, 1
2_7_16 10, 2
1_11_10 16
7_15_14 11, 3, 7, 15, 16, 8, 12
1_4_20 15
5_1_08 5, 13, 1, 9, 6
1_18_14 4
2_24_00 14, 6
8_16_18 13, 5, 9, 1, 10, 2, 6, 14
4_15_04 6, 14, 2, 10
1_22_18 7
7_25_00 3, 11, 15, 7, 4, 12, 16
7_26_18 12, 4, 8, 16, 9, 1, 5
7_15_16 12, 4, 8, 16, 1, 9, 13
1_24_14 13
1_20_12 11
4_22_16 10, 2, 6, 14
7_3_20 11, 3, 7, 15, 4, 12, 16
6_2_20 11, 3, 7, 15, 8, 16
6_25_14 10, 2, 6, 14, 11, 3
7_31_20 14, 6, 10, 2, 3, 11, 15
5_29_16 12, 4, 8, 16, 9
5_29_12 10, 2, 6, 14, 7
4_27_12 9, 1, 5, 13
4_10_04 5, 13, 1, 9
6_21_14 9, 1, 5, 13, 10, 2
3_19_16 9, 1, 13
7_7_06 5, 13, 1, 9, 14, 6, 10
5_21_16 10, 2, 6, 14, 11
1_25_00 3
4_19_12 7, 15, 3, 11
8_17_14 8, 16, 4, 12, 9, 1, 5, 13
1_21_20 12
4_10_14 10, 2, 6, 14
1_2_06 16
1_19_20 3
2_25_20 13, 5
1_7_20 4
8_13_12 10, 2, 6, 14, 7, 15, 3, 11
4_31_10 9, 1, 5, 13
2_8_00 14, 6
7_29_22 15, 7, 11, 3, 12, 4, 8
3_6_22 9, 1, 5
5_5_02 3, 11, 15, 7, 4
5_26_06 6, 14, 2, 10, 3
6_13_18 13, 5, 9, 1, 10, 2
4_24_22 13, 5, 9, 1
4_13_12 10, 2, 6, 14
8_20_06 4, 12, 16, 8, 5, 13, 1, 9
8_12_12 9, 1, 5, 13, 10, 2, 6, 14
3_8_12 4, 12, 8
6_20_00 1, 9, 13, 5, 14, 6
5_6_18 11, 3, 7, 15, 8
5_3_02 2, 10, 14, 6, 11
3_17_10 6, 14, 2
2_30_16 8, 16
7_14_06 7, 15, 3, 11, 16, 8, 12
7_9_00 3, 11, 15, 7, 4, 12, 16
2_14_02 1, 9
6_20_16 9, 1, 5, 13, 6, 14
3_11_00 3, 11, 7
8_11_02 4, 12, 16, 8, 5, 13, 1, 9
5_4_02 2, 10, 14, 6, 7
3_20_00 13, 5, 1
3_22_08 2, 10, 14
3_19_06 4, 12, 8
7_20_06 4, 12, 16, 8, 9, 1, 5
8_31_16 12, 4, 8, 16, 9, 1, 5, 13
4_9_10 8, 16, 4, 12
2_8_02 15, 7
5_16_18 13, 5, 9, 1, 14
5_1_22 12, 4, 8, 16, 13
5_19_06 4, 12, 16, 8, 13
2_6_10 3, 11
2_19_20 11, 3
5_8_04 4, 12, 16, 8, 9
4_28_16 11, 3, 7, 15
3_4_10 2, 10, 6
5_24_08 6, 14, 2, 10, 11
8_25_14 10, 2, 6, 14, 11, 3, 7, 15
2_26_02 16, 8
6_26_12 9, 1, 5, 13, 6, 14
7_23_02 3, 11, 15, 7, 12, 4, 8
3_2_22 8, 16, 4
6_27_00 3, 11, 15, 7, 4, 12
4_13_14 11, 3, 7, 15
8_9_12 9, 1, 5, 13, 10, 2, 6, 14
3_7_10 7, 15, 11
5_11_00 3, 11, 15, 7, 12
1_9_00 3
4_21_14 9, 1, 5, 13
5_9_20 13, 5, 9, 1, 14
4_10_22 14, 6, 10, 2
5_21_18 11, 3, 7, 15, 12
4_15_16 12, 4, 8, 16
4_12_14 10, 2, 6, 14
1_10_12 5
6_30_16 12, 4, 8, 16, 5, 13
5_6_16 10, 2, 6, 14, 7
5_28_02 4, 12, 16, 8, 9
4_1_00 1, 9, 13, 5
8_14_04 6, 14, 2, 10, 3, 11, 15, 7
7_17_06 4, 12, 16, 8, 5, 13, 1
4_23_04 4, 12, 16, 8
2_30_18 9, 1
7_9_16 11, 3, 7, 15, 12, 4, 8
8_6_08 6, 14, 2, 10, 7, 15, 3, 11
7_22_18 11, 3, 7, 15, 8, 16, 4
3_13_02 5, 13, 1
4_27_02 4, 12, 16, 8
4_9_06 6, 14, 2, 10
3_2_06 16, 8, 12
2_10_12 5, 13
6_3_10 6, 14, 2, 10, 7, 15
3_18_06 16, 8, 12
2_4_14 4, 12
7_16_10 9, 1, 5, 13, 10, 2, 6
4_24_00 2, 10, 14, 6
5_31_00 4, 12, 16, 8, 9
3_15_16 12, 4, 16
8_19_02 2, 10, 14, 6, 3, 11, 15, 7
2_3_14 8, 16
5_31_08 8, 16, 4, 12, 13
8_23_22 13, 5, 9, 1, 14, 6, 10, 2
3_21_04 4, 12, 16
8_21_00 2, 10, 14, 6, 3, 11, 15, 7
5_29_00 4, 12, 16, 8, 1
8_19_08 5, 13, 1, 9, 6, 14, 2, 10
1_4_12 11
6_30_18 13, 5, 9, 1, 6, 14
1_25_10 8
4_6_12 8, 16, 4, 12
4_2_18 10, 2, 6, 14
8_3_00 1, 9, 13, 5, 2, 10, 14, 6
5_17_20 11, 3, 7, 15, 12
7_18_16 9, 1, 5, 13, 6, 14, 2
3_13_20 14, 6, 10
8_29_14 11, 3, 7, 15, 8, 16, 4, 12
3_30_20 10, 2, 6
3_21_18 11, 3, 7
5_21_14 9, 1, 5, 13, 10
3_2_12 3, 11, 15
1_24_02 7
8_11_04 5, 13, 1, 9, 6, 14, 2, 10
1_19_08 13
7_23_16 10, 2, 6, 14, 3, 11, 15
4_26_14 10, 2, 6, 14
8_20_16 9, 1, 5, 13, 10, 2, 6, 14
6_18_16 9, 1, 5, 13, 6, 14
3_2_16 5, 13, 1
4_27_16 11, 3, 7, 15
1_1_14 8
2_17_14 8, 16
5_16_12 10, 2, 6, 14, 11
4_20_10 6, 14, 2, 10
1_23_10 15
2_10_06 2, 10
6_28_08 7, 15, 3, 11, 4, 12
5_22_14 9, 1, 5, 13, 6
8_4_18 10, 2, 6, 14, 11, 3, 7, 15
6_19_18 10, 2, 6, 14, 11, 3
3_31_00 4,12, 8
7_2_12 7, 15, 3, 11, 4, 12, 16
3_8_04 16, 8, 4
1_20_22 16
4_22_18 11, 3, 7, 15
6_19_10 6, 14, 2, 10, 7, 15
5_5_10 7, 15, 3, 11, 8
1_29_20 14
2_3_08 5, 13
5_29_02 5, 13, 1, 9, 2
2_29_00 4,12
1_4_10 10
6_12_12 9, 1, 5, 13, 6, 14
3_22_12 4, 12, 16
8_31_08 8, 16, 4, 12, 5, 13, 1, 9
5_29_06 7, 15, 3, 11, 4
4_26_02 4, 12, 16, 8
1_11_12 1
7_17_18 10, 2, 6, 14, 11, 3, 7
6_15_14 11, 3, 7, 15, 8, 16
1_14_14 7
7_27_08 7, 15, 3, 11, 16, 8, 12
3_7_12 8, 16, 12
4_15_02 5, 13, 1, 9
3_19_00 1, 9, 5
8_30_06 7, 15, 3, 11, 4, 12, 16, 8
6_27_12 9, 1, 5, 13, 10, 2
1_6_06 1
6_1_22 12, 4, 8, 16, 13, 5
4_24_10 7, 15, 3, 11
3_30_08 4, 12, 16
3_17_06 4, 12, 16
7_10_06 6, 14, 2, 10, 3, 11, 15
6_30_22 15, 7, 11, 3, 8, 16
8_5_12 8, 16, 4, 12, 9, 1, 5, 13
7_15_00 4, 12, 16, 8, 9, 1, 5
4_30_00 4,12, 16, 8
8_24_20 12, 4, 8, 16, 13, 5, 9, 1
6_1_06 4, 12, 16, 8, 5, 13
6_17_14 8, 16, 4, 12, 9, 1
2_3_02 2, 10
6_3_14 8, 16, 4, 12, 9, 1
3_14_06 3, 11, 15
2_24_10 3, 11
6_10_22 14, 6, 10, 2, 11, 3
2_10_02 16, 8
4_9_04 5, 13, 1, 9
1_28_16 15
8_12_10 8, 16, 4, 12, 9, 1, 5, 13
4_5_20 12, 4, 8, 16
6_18_14 8, 16, 4, 12, 5, 13
8_13_22 15, 7, 11, 3, 12, 4, 8, 16
4_15_08 8, 16, 12
8_21_06 5, 13, 1, 9, 6, 14, 2, 10
5_14_20 14, 6, 10, 2, 7
4_24_06 5, 13, 1, 9
4_19_08 5, 13, 1, 9
4_23_08 6, 14, 2, 10
1_15_18 5
2_28_14 6, 14
5_31_18 13, 5, 9, 1, 2
7_15_10 9, 1, 5, 13, 14, 6, 10
2_22_00 14, 6
5_25_12 9, 1, 5, 13, 10
8_7_04 4, 12, 16, 8, 5, 13, 1, 9
1_10_02 16
4_16_06 7, 15, 3, 11
5_3_06 4, 12, 16, 8, 13
3_17_16 9, 1, 5
4_22_12 8, 16, 4, 12
5_21_10 7, 15, 3, 11, 8
2_11_00 3, 11
8_16_06 7, 15, 3, 11, 4, 12, 16, 8
4_20_08 5, 13, 1, 9
6_2_14 8, 16, 4, 12, 5, 13
6_29_12 10, 2, 6, 14, 7, 15
2_31_22 15, 7
1_23_14 1
2_2_22 8, 16
7_19_08 5, 13, 1, 9, 14, 6, 10
2_4_16 5, 13
1_19_04 11
8_6_00 2, 10, 14, 6, 3, 11, 15, 7
8_27_04 5, 13, 1, 9, 6, 14, 2, 10
8_29_18 13, 5, 9, 1, 10, 2, 6, 14
1_20_14 12
5_22_12 8, 16, 4, 12, 5
6_1_10 6, 14, 2, 10, 7, 15
2_30_04 2, 10
2_29_12 10, 2
1_30_06 3
6_6_18 11, 3, 7, 15, 8, 16
6_14_20 14, 6, 10, 2, 7, 15
2_22_08 2, 10
3_6_12 4, 12, 16
3_28_00 15, 7, 3
5_15_12 10, 2, 6, 14, 15
6_26_18 12, 4, 8, 16, 9, 1
2_23_08 6, 14
4_17_02 2, 10, 14, 6
8_4_02 2, 10, 14, 6, 3, 11, 15, 7
2_30_12 6, 14
7_28_00 3, 11, 15, 7, 8, 16, 4
7_30_06 7, 15, 3, 11, 16, 8, 12
6_4_10 6, 14, 2, 10, 3, 11
2_2_06 16, 8
5_19_00 1, 9, 13, 5, 10
1_29_10 9
7_20_16 9, 1, 5, 13, 14, 6, 10
7_24_16 10, 2, 6, 14, 15, 7, 11
2_1_04 3, 11
5_1_10 6, 14, 2, 10, 7
4_3_22 12, 4, 8, 16
3_9_04 5, 13, 1
1_8_02 7
4_11_16 11, 3, 7, 15
3_16_10 5, 13, 9
3_4_00 13, 5, 1
6_11_08 7, 15, 3, 11, 8, 16
6_14_00 4, 12, 16, 8, 13, 5
8_16_12 10, 2, 6, 14, 7, 15, 3, 11
6_21_02 3, 11, 15, 7, 4, 12
2_16_02 1, 9
7_1_20 11, 3, 7, 15, 12, 4, 8
6_24_00 2, 10, 14, 6, 15, 7
2_20_14 4, 12
7_4_12 7, 15, 3, 11, 12, 4, 8
6_14_06 7, 15, 3, 11, 16, 8
8_31_00 4, 12, 16, 8, 1, 9, 13, 5
3_8_02 15, 7, 3
4_17_20 11, 3, 7, 15
2_3_06 4, 12
1_12_18 16
7_24_08 6, 14, 2, 10, 11, 3, 7
8_26_22 14, 6, 10, 2, 15, 7, 11, 3
7_20_10 6, 14, 2, 10, 11, 3, 7
2_22_02 15, 7
7_31_10 9, 1, 5, 13, 14, 6, 10
3_31_04 6, 14, 10
3_23_10 7, 15, 11
2_27_22 14, 6
8_3_20 11, 3, 7, 15, 12, 4, 8, 16
8_16_16 12, 4, 8, 16, 9, 1, 5, 13
8_14_02 5, 13, 1, 9, 2, 10, 14, 6
8_13_10 9, 1, 5, 13, 6, 14, 2, 10
8_11_12 9, 1, 5, 13, 10, 2, 6, 14
3_12_06 2, 10, 6
5_10_16 11, 3, 7, 15, 8
3_10_16 7, 15, 3
7_24_22 13, 5, 9, 1, 2, 10, 14
7_29_14 11, 3, 7, 15, 8, 16, 4
1_17_20 11
6_4_06 4, 12, 16, 8, 1, 9
4_5_16 10, 2, 6, 14
4_29_18 13, 5, 9, 1
5_22_10 7, 15, 3, 11, 4
8_15_20 14, 6, 10, 2, 11, 3, 7, 15
1_4_18 14
6_31_10 9, 1, 5, 13, 6, 14
7_24_02 3, 11, 15, 7, 8, 16, 4
3_17_14 8, 16, 4
3_9_14 10, 2, 6
8_31_06 7, 15, 3, 11, 4, 12, 16, 8
1_27_18 4
2_14_08 4, 12
2_10_20 9, 1
2_19_04 3, 11
5_22_08 6, 14, 2, 10, 3
2_15_20 14, 6
1_24_16 14
6_1_16 9, 1, 5, 13, 10, 2
6_6_20 12, 4, 8, 16, 9, 1
5_24_00 2, 10, 14, 6, 7
7_20_18 10, 2, 6, 14, 15, 7, 11
7_6_06 5, 13, 1, 9, 2, 10, 14
6_2_04 3, 11, 15, 7, 16, 8
7_22_00 2, 10, 14, 6, 15, 7, 11
5_13_04 6, 14, 2, 10, 3
6_25_12 9, 1, 5, 13, 10, 2
7_25_08 7, 15, 3, 11, 8, 16, 4
5_29_18 13, 5, 9, 1, 10
8_4_14 8, 16, 4, 12, 9, 1, 5, 13
7_9_20 13, 5, 9, 1, 14, 6, 10
2_23_10 7, 15
2_18_12 3, 11
8_24_18 11, 3, 7, 15, 12, 4, 8, 16
2_29_22 15, 7
8_25_04 5, 13, 1, 9, 6, 14, 2, 10
6_15_16 12, 4, 8, 16, 9, 1
6_11_04 5, 13, 1, 9, 6, 14
7_6_14 9, 1, 5, 13, 6, 14, 2
1_24_20 16
6_14_12 10, 2, 6, 14, 3, 11
6_6_16 10, 2, 6, 14, 7, 15
8_21_04 4, 12, 16, 8, 5, 13, 1, 9
6_12_06 6, 14, 2, 10, 3, 11
4_13_02 5, 13, 1, 9
6_21_16 10, 2, 6, 14, 11, 3
6_11_16 11, 3, 7, 15, 12, 4
1_1_20 11
4_19_16 9, 1, 5, 13
5_10_12 9, 1, 5, 13, 6
8_18_20 11, 3, 7, 15, 12, 4, 8, 16
2_13_04 6, 14
1_7_08 14
3_21_20 12, 4, 8
8_9_08 7, 15, 3, 11, 8, 16, 4, 12
4_18_08 5, 13, 1, 9
1_28_06 10
2_16_12 6, 14
7_2_22 12, 4, 8, 16, 9, 1, 5
1_25_20 13
4_21_06 5, 13, 1, 9
1_16_02 9
4_14_20 14, 6, 10, 2
5_13_14 11, 3, 7, 15, 8
1_26_18 8
2_7_14 9, 1
2_21_04 4, 12
3_24_12 4, 12, 8
6_5_12 8, 16, 4, 12, 9, 1
5_10_04 5, 13, 1, 9, 2
2_22_06 1, 9
4_28_02 4, 12, 16, 8
2_7_08 6, 14
4_2_08 5, 13, 1, 9
5_1_18 10, 2, 6, 14, 11
2_15_14 11, 3
7_28_14 10, 2, 6, 14, 15, 7, 11
8_17_08 5, 13, 1, 9, 6, 14, 2, 10
3_28_04 1, 9, 5
7_9_18 12, 4, 8, 16, 13, 5, 9
5_24_04 4, 12, 16, 8, 9
6_9_08 7, 15, 3, 11, 8, 16
7_5_04 4, 12, 16, 8, 5, 13, 1
7_7_14 9, 1, 5, 13, 2, 10, 14
6_13_06 7, 15, 3, 11, 4, 12
5_9_14 10, 2, 6, 14, 11
8_27_10 8, 16, 4, 12, 9, 1, 5, 13
8_11_08 7, 15, 3, 11, 8, 16, 4, 12
8_15_16 12, 4, 8, 16, 9, 1, 5, 13
4_29_14 11, 3, 7, 15
7_9_12 9, 1, 5, 13, 10, 2, 6
4_27_08 7, 15, 3, 11
2_16_06 3, 11
3_7_02 3, 11, 7
5_28_06 6, 14, 2, 10, 11
3_27_10 8, 16, 12
5_6_22 13, 5, 9, 1, 10
3_4_06 16, 8, 4
1_13_20 14
3_25_04 5, 13, 1
7_25_20 13, 5, 9, 1, 14, 6, 10
7_31_02 5, 13, 1, 9, 10, 2, 6
8_19_06 4, 12, 16, 8, 5, 13, 1, 9
4_22_08 6, 14, 2, 10
1_18_02 14
3_15_00 4,12, 8
7_12_02 4, 12, 16, 8, 9, 1, 5
7_27_22 14, 6, 10, 2, 7, 15, 3
3_9_02 4, 12, 16
6_16_14 11, 3, 7, 15, 4, 12
1_15_00 12
3_2_00 13, 5, 9
5_25_18 12, 4, 8, 16, 13
4_4_14 8, 16, 4, 12
2_21_16 10, 2
8_8_16 10, 2, 6, 14, 11, 3, 7, 15
6_24_06 5, 13, 1, 9, 2, 10
5_11_06 6, 14, 2, 10, 15
7_19_00 1, 9, 13, 5, 10, 2, 6
8_7_12 8, 16, 4, 12, 9, 1, 5, 13
1_2_16 5
6_22_00 2, 10, 14, 6, 15, 7
8_29_12 10, 2, 6, 14, 7, 15, 3, 11
6_23_16 10, 2, 6, 14, 11, 3
2_14_16 8, 16
3_7_08 6, 14, 10
2_6_16 6, 14
1_7_16 2
4_26_08 7, 15, 3, 11
8_4_22 12, 4, 8, 16, 13, 5, 9, 1
7_10_08 7, 15, 3, 11, 4, 12, 16
3_16_16 8, 16, 12
7_23_06 5, 13, 1, 9, 14, 6, 10
1_12_14 14
8_22_02 3, 11, 15, 7, 4, 12, 16, 8
2_9_18 12, 4
2_14_14 7, 15
8_14_22 15, 7, 11, 3, 12, 4, 8, 16
5_28_20 13, 5, 9, 1, 2
4_4_22 12, 4, 8, 16
5_28_04 5, 13, 1, 9, 10
4_21_16 10, 2, 6, 14
3_22_22 9, 1, 5
1_30_10 5
8_4_16 9, 1, 5, 13, 10, 2, 6, 14
3_13_08 8, 16, 4
7_4_08 5, 13, 1, 9, 10, 2, 6
6_23_22 13, 5, 9, 1, 14, 6
8_22_20 12, 4, 8, 16, 13, 5, 9, 1
1_1_10 6
7_1_00 1, 9, 13, 5, 2, 10, 14
5_8_02 3, 11, 15, 7, 8
1_6_02 15
7_30_08 8, 16, 4, 12, 1, 9, 13
4_22_06 5, 13, 1, 9
1_7_18 3
4_4_18 10, 2, 6, 14
7_18_10 6, 14, 2, 10, 3, 11, 15
1_15_04 14
6_25_20 13, 5, 9, 1, 14, 6
6_26_20 13, 5, 9, 1, 10, 2
4_25_12 9, 1, 5, 13
6_3_02 2, 10, 14, 6, 3, 11
6_15_08 8, 16, 4, 12, 5, 13
6_4_22 12, 4, 8, 16, 9, 1
2_26_12 5, 13
6_21_08 6, 14, 2, 10, 7, 15
2_16_00 16, 8
5_12_02 4, 12, 16, 8, 9
8_30_02 5, 13, 1, 9, 2, 10, 14, 6
4_30_10 9, 1, 5, 13
4_5_10 7, 15, 3, 11
1_30_20 10
8_30_18 13, 5, 9, 1, 10, 2, 6, 14
4_12_12 9, 1, 5, 13
5_4_18 10, 2, 6, 14, 15
8_29_06 7, 15, 3, 11, 4, 12, 16, 8
1_28_22 2
3_14_18 9, 1, 5
1_9_20 13
7_26_12 9, 1, 5, 13, 6, 14, 2
6_10_14 10, 2, 6, 14, 7, 15
4_14_16 12, 4, 8, 16
1_29_06 7
1_25_14 10
3_13_06 7, 15, 3
6_10_04 5, 13, 1, 9, 2, 10
3_16_02 1, 9, 5
3_25_10 8, 16, 4
8_19_18 10, 2, 6, 14, 11, 3, 7, 15
7_28_08 7, 15, 3, 11, 12, 4, 8
7_3_02 2, 10, 14, 6, 11, 3, 7
2_26_04 1, 9
4_7_10 7, 15, 3, 11
1_23_22 5
7_16_04 6, 14, 2, 10, 7, 15, 3
3_23_20 12, 4, 16
5_2_06 4, 12, 16, 8, 1
8_3_14 8, 16, 4, 12, 9, 1, 5, 13
7_12_22 14, 6, 10, 2, 3, 11, 15
6_16_16 12, 4, 8, 16, 5, 13
3_18_18 6, 14, 2
1_2_14 4
7_6_00 2, 10, 14, 6, 15, 7, 11
8_26_02 4, 12, 16, 8, 5, 13, 1, 9
7_14_04 6, 14, 2, 10, 15, 7, 11
4_17_00 1, 9, 13, 5
1_9_08 7
1_1_06 4
1_22_08 2
4_31_18 13, 5, 9, 1
3_11_04 5, 13, 9
8_2_18 10, 2, 6, 14, 11, 3, 7, 15
1_10_16 7
5_15_16 12, 4, 8, 16, 1
6_28_10 8, 16, 4, 12, 5, 13
3_13_04 6, 14, 2
6_20_10 6, 14, 2, 10, 3, 11
7_29_06 7, 15, 3, 11, 4, 12, 16
7_29_04 6, 14, 2, 10, 3, 11, 15
3_30_12 6, 14, 2
2_3_16 9, 1
4_7_04 4, 12, 16, 8
2_9_08 7, 15
8_30_16 12, 4, 8, 16, 9, 1, 5, 13
2_12_08 3, 11
4_30_14 11, 3, 7, 15
5_28_22 14, 6, 10, 2, 3
7_3_12 7, 15, 3, 11, 16, 8, 12
3_28_06 2, 10, 6
1_14_06 3
2_31_16 12, 4
2_12_16 7, 15
1_14_08 4
3_6_02 15, 7, 11
7_16_00 4, 12, 16, 8, 5, 13, 1
6_25_04 5, 13, 1, 9, 6, 14
4_10_00 3, 11, 15, 7
8_28_02 4, 12, 16, 8, 5, 13, 1, 9
4_28_12 9, 1, 5, 13
1_26_20 9
4_21_12 8, 16, 4, 12
6_18_08 5, 13, 1, 9, 2, 10
7_20_12 7, 15, 3, 11, 12, 4, 8
8_6_16 10, 2, 6, 14, 11, 3, 7, 15
7_21_04 4, 12, 16, 8, 5, 13, 1
7_27_14 10, 2, 6, 14, 3, 11, 15
4_24_02 3, 11, 15, 7
1_14_20 10
4_30_06 7, 15, 3, 11
6_27_04 5, 13, 1, 9, 6, 14
1_19_18 2
6_15_12 10, 2, 6, 14, 7, 15
6_6_08 6, 14, 2, 10, 3, 11
2_15_16 12, 4
2_24_18 7, 15
3_24_02 15, 7, 3
4_31_20 14, 6, 10, 2
4_4_04 3, 11, 15, 7
8_30_04 6, 14, 2, 10, 3, 11, 15, 7
6_1_20 11, 3, 7, 15, 12, 4
1_4_06 8
4_25_14 10, 2, 6, 14
2_27_00 3, 11
3_28_20 9, 1, 13
1_13_00 4
6_7_00 2, 10, 14, 6, 3, 11
6_12_20 13, 5, 9, 1, 10, 2
1_16_00 8
5_4_20 11, 3, 7, 15, 16
5_14_02 5, 13, 1, 9, 14
1_27_02 12
2_22_10 3, 11
3_23_12 8, 16, 12
3_12_00 15, 7, 3
7_22_14 9, 1, 5, 13, 6, 14, 2
6_29_22 15, 7, 11, 3, 12, 4
6_13_14 11, 3, 7, 15, 8, 16
7_2_14 8, 16, 4, 12, 5, 13, 1
6_31_20 14, 6, 10, 2, 11, 3
8_13_08 8, 16, 4, 12, 5, 13, 1, 9
8_18_02 2, 10, 14, 6, 3, 11, 15, 7
1_1_02 2
7_30_18 13, 5, 9, 1, 6, 14, 2
6_25_00 3, 11, 15, 7, 4, 12
8_13_04 6, 14, 2, 10, 3, 11, 15, 7
5_23_16 10, 2, 6, 14, 3
7_27_06 6, 14, 2, 10, 15, 7, 11
2_19_16 9, 1
3_29_22 15, 7, 11
2_12_14 6, 14
2_19_18 10, 2
5_4_08 5, 13, 1, 9, 10
6_16_10 9, 1, 5, 13, 2, 10
7_27_02 4, 12, 16, 8, 13, 5, 9
3_26_10 4, 12, 16
6_20_18 10, 2, 6, 14, 7, 15
4_19_20 11, 3, 7, 15
8_4_10 6, 14, 2, 10, 7, 15, 3, 11
1_12_04 9
3_26_06 2, 10, 14
6_8_18 11, 3, 7, 15, 8, 16
6_23_12 8, 16, 4, 12, 9, 1
4_16_10 9, 1, 5, 13
8_20_08 5, 13, 1, 9, 6, 14, 2, 10
6_11_12 9, 1, 5, 13, 10, 2
3_31_02 5, 13, 9
5_28_18 12, 4, 8, 16, 1
5_10_18 12, 4, 8, 16, 9
2_20_18 6, 14
3_21_08 6, 14, 2
8_28_04 5, 13, 1, 9, 6, 14, 2, 10
7_23_08 6, 14, 2, 10, 15, 7, 11
2_9_16 11, 3
5_7_02 3, 11, 15, 7, 12
4_6_00 2, 10, 14, 6
6_6_00 2, 10, 14, 6, 15, 7
5_7_04 4, 12, 16, 8, 13
4_9_20 13, 5, 9, 1
4_10_16 11, 3, 7, 15
6_18_10 6, 14, 2, 10, 3, 11
2_27_08 7, 15
8_25_18 12, 4, 8, 16, 13, 5, 9, 1
8_15_00 4, 12, 16, 8, 1, 9, 13, 5
3_27_18 12, 4, 16
2_2_08 1, 9
6_15_00 4, 12, 16, 8, 1, 9
2_10_10 4, 12
7_28_10 8, 16, 4, 12, 13, 5, 9
6_13_10 9, 1, 5, 13, 6, 14
5_25_02 4, 12, 16, 8, 5
6_3_04 3, 11, 15, 7, 4, 12
5_8_08 6, 14, 2, 10, 11
4_16_04 6, 14, 2, 10
4_16_14 11, 3, 7, 15
7_16_12 10, 2, 6, 14, 11, 3, 7
7_26_22 14, 6, 10, 2, 11, 3, 7
1_19_02 10
5_26_04 5, 13, 1, 9, 2
4_8_20 12, 4, 8, 16
4_10_02 4, 12, 16, 8
6_24_02 3, 11, 15, 7, 16, 8
6_27_10 8, 16, 4, 12, 9, 1
5_20_14 8, 16, 4, 12, 13
2_31_04 6, 14
7_16_14 11, 3, 7, 15, 12, 4, 8
1_23_18 3
1_16_04 10
8_27_08 7, 15, 3, 11, 8, 16, 4, 12
2_8_20 8, 16
7_10_14 10, 2, 6, 14, 7, 15, 3
6_10_00 3, 11, 15, 7, 16, 8
4_17_12 7, 15, 3, 11
3_12_10 4, 12, 8
2_18_14 4, 12
1_22_10 3
4_12_06 6, 14, 2, 10
1_18_08 1
2_26_18 8, 16
8_23_14 9, 1, 5, 13, 10, 2, 6, 14
7_31_18 13, 5, 9, 1, 2, 10, 14
1_8_22 1
4_26_16 11, 3, 7, 15
2_31_20 14, 6
7_17_14 8, 16, 4, 12, 9, 1, 5
5_1_04 3, 11, 15, 7, 4
5_14_04 6, 14, 2, 10, 15
2_11_18 12, 4
7_10_10 8, 16, 4, 12, 5, 13, 1
4_13_00 4,12, 16, 8
6_31_18 13, 5, 9, 1, 10, 2
3_30_00 16, 8, 12
6_1_12 7, 15, 3, 11, 8, 16
3_17_20 11, 3, 7
4_30_18 13, 5, 9, 1
6_31_12 10, 2, 6, 14, 7, 15
6_5_20 12, 4, 8, 16, 13, 5
7_18_18 10, 2, 6, 14, 7, 15, 3
3_30_04 2, 10, 14
2_30_22 11, 3
1_18_20 7
6_14_04 6, 14, 2, 10, 15, 7
4_24_18 11, 3, 7, 15
6_19_22 12, 4, 8, 16, 13, 5
6_14_08 8, 16, 4, 12, 1, 9
5_31_06 7, 15, 3, 11, 12
8_20_00 1, 9, 13, 5, 2, 10, 14, 6
8_16_08 8, 16, 4, 12, 5, 13, 1, 9
4_17_18 10, 2, 6, 14
1_31_00 12
6_2_08 5, 13, 1, 9, 2, 10
6_23_14 9, 1, 5, 13, 10, 2
6_27_20 13, 5, 9, 1, 14, 6
5_8_10 7, 15, 3, 11, 12
4_3_02 2, 10, 14, 6
6_5_10 7, 15, 3, 11, 8, 16
6_31_14 11, 3, 7, 15, 8, 16
5_18_08 5, 13, 1, 9, 2
7_25_12 9, 1, 5, 13, 10, 2, 6
3_4_20 7, 15, 11
5_18_06 4, 12, 16, 8, 1
1_20_02 6
7_18_14 8, 16, 4, 12, 5, 13, 1
3_8_06 1, 9, 5
1_6_20 8
3_12_22 10, 2, 14
6_29_14 11, 3, 7, 15, 8, 16
8_9_20 13, 5, 9, 1, 14, 6, 10, 2
1_20_10 10
8_3_10 6, 14, 2, 10, 7, 15, 3, 11
5_7_10 7, 15, 3, 11, 16
4_23_14 9, 1, 5, 13
4_26_18 12, 4, 8, 16
3_4_16 5, 13, 9
2_13_16 12, 4
7_17_00 1, 9, 13, 5, 2, 10, 14
8_31_20 14, 6, 10, 2, 11, 3, 7, 15
3_14_12 6, 14, 2
5_3_10 6, 14, 2, 10, 15
1_22_12 4
7_26_00 3, 11, 15, 7, 16, 8, 12
4_23_02 3, 11, 15, 7
2_28_12 5, 13
5_26_22 14, 6, 10, 2, 11
7_25_18 12, 4, 8, 16, 13, 5, 9
5_14_00 4, 12, 16, 8, 13
3_25_08 7, 15, 3
6_25_16 11, 3, 7, 15, 12, 4
6_9_02 4, 12, 16, 8, 5, 13
7_21_14 9, 1, 5, 13, 10, 2, 6
7_20_20 11, 3, 7, 15, 16, 8, 12
2_23_14 9, 1
1_27_20 5
5_9_18 12, 4, 8, 16, 13
5_17_04 3, 11, 15, 7, 4
7_16_16 12, 4, 8, 16, 13, 5, 9
2_1_22 12, 4
2_10_08 3, 11
6_8_10 7, 15, 3, 11, 4, 12
2_19_06 4, 12
3_23_16 10, 2, 14
6_5_00 2, 10, 14, 6, 3, 11
8_12_06 6, 14, 2, 10, 7, 15, 3, 11
8_12_04 5, 13, 1, 9, 6, 14, 2, 10
7_8_02 3, 11, 15, 7, 8, 16, 4
5_9_08 7, 15, 3, 11, 8
4_29_02 5, 13, 1, 9
3_25_00 3, 11, 15
3_29_04 6, 14, 2
3_5_02 3, 11, 15
1_16_08 12
5_17_06 4, 12, 16, 8, 5
8_23_20 12, 4, 8, 16, 13, 5, 9, 1
7_8_22 13, 5, 9, 1, 2, 10, 14
3_20_22 8, 16, 12
2_1_18 10, 2
3_20_12 3, 11, 7
6_30_20 14, 6, 10, 2, 7, 15
7_29_16 12, 4, 8, 16, 9, 1, 5
8_12_18 12, 4, 8, 16, 13, 5, 9, 1
5_5_04 4, 12, 16, 8, 5
4_27_10 8, 16, 4, 12
8_21_22 13, 5, 9, 1, 14, 6, 10, 2
8_3_16 9, 1, 5, 13, 10, 2, 6, 14
8_28_16 11, 3, 7, 15, 12, 4, 8, 16
4_19_06 4, 12, 16, 8
8_25_10 8, 16, 4, 12, 9, 1, 5, 13
2_2_20 7, 15
4_6_04 4, 12, 16, 8
7_12_20 13, 5, 9, 1, 2, 10, 14
6_24_20 12, 4, 8, 16, 9, 1
5_8_00 2, 10, 14, 6, 7
6_11_22 14, 6, 10, 2, 15, 7
4_13_16 12, 4, 8, 16
2_30_00 16, 8
1_28_20 1
4_12_10 8, 16, 4, 12
7_9_22 14, 6, 10, 2, 15, 7, 11
6_30_02 5, 13, 1, 9, 14, 6
7_8_12 8, 16, 4, 12, 13, 5, 9
5_22_22 13, 5, 9, 1, 10
2_4_18 6, 14
2_31_02 5, 13
5_12_20 13, 5, 9, 1, 2
2_9_02 4, 12
5_15_08 8, 16, 4, 12, 13
5_19_10 6, 14, 2, 10, 15
2_29_10 9, 1
4_31_16 12, 4, 8, 16
3_28_22 10, 2, 14
3_15_20 14, 6, 2
8_23_16 10, 2, 6, 14, 11, 3, 7, 15
1_1_12 7
8_6_22 13, 5, 9, 1, 14, 6, 10, 2
5_5_18 11, 3, 7, 15, 12
2_31_10 9, 1
8_12_08 7, 15, 3, 11, 8, 16, 4, 12
8_11_10 8, 16, 4, 12, 9, 1, 5, 13
7_17_16 9, 1, 5, 13, 10, 2, 6
7_10_22 14, 6, 10, 2, 11, 3, 7
1_17_10 6
3_19_02 2, 10, 6
8_5_16 10, 2, 6, 14, 11, 3, 7, 15
4_29_12 10, 2, 6, 14
3_28_18 8, 16, 12
1_13_06 7
8_4_00 1, 9, 13, 5, 2, 10, 14, 6
3_29_08 8, 16, 4
7_3_22 12, 4, 8, 16, 5, 13, 1
7_23_22 13, 5, 9, 1, 6, 14, 2
7_11_18 12, 4, 8, 16, 5, 13, 1
5_21_00 2, 10, 14, 6, 3
3_29_12 10, 2, 6
7_23_12 8, 16, 4, 12, 1, 9, 13
7_5_22 13, 5, 9, 1, 14, 6, 10
6_10_20 13, 5, 9, 1, 10, 2
2_4_22 8, 16
5_6_10 7, 15, 3, 11, 4
6_26_02 4, 12, 16, 8, 1, 9
5_24_06 5, 13, 1, 9, 10
2_3_00 1, 9
1_27_00 11
3_13_18 13, 5, 9
8_17_22 12, 4, 8, 16, 13, 5, 9, 1
2_23_16 10, 2
3_6_16 6, 14, 2
2_8_10 3, 11
3_12_20 9, 1, 13
4_30_02 5, 13, 1, 9
8_11_16 11, 3, 7, 15, 12, 4, 8, 16
4_14_18 13, 5, 9, 1
1_13_04 6
5_14_14 11, 3, 7, 15, 4
4_28_22 14, 6, 10, 2
2_18_04 15, 7
7_6_08 6, 14, 2, 10, 3, 11, 15
8_16_00 4, 12, 16, 8, 1, 9, 13, 5
5_20_06 4, 12, 16, 8, 9
2_3_18 10, 2
1_17_04 3
1_13_10 9
2_1_00 1, 9
8_19_14 8, 16, 4, 12, 9, 1, 5, 13
5_15_02 5, 13, 1, 9, 10
5_2_22 12, 4, 8, 16, 9
2_18_20 7, 15
1_10_22 10
8_16_14 11, 3, 7, 15, 8, 16, 4, 12
8_20_02 2, 10, 14, 6, 3, 11, 15, 7
2_8_16 6, 14
1_7_06 13
8_6_20 12, 4, 8, 16, 13, 5, 9, 1
3_23_02 3, 11, 7
7_22_22 13, 5, 9, 1, 10, 2, 6
3_19_12 7, 15, 11
1_21_08 6
2_19_10 6, 14
5_27_18 12, 4, 8, 16, 5
3_15_04 6, 14, 10
5_26_16 11, 3, 7, 15, 8
7_1_12 7, 15, 3, 11, 8, 16, 4
7_1_04 3, 11, 15, 7, 4, 12, 16
4_24_20 12, 4, 8, 16
6_31_06 7, 15, 3, 11, 4, 12
6_12_16 11, 3, 7, 15, 8, 16
1_22_02 15
1_5_12 8
2_21_18 11, 3
5_10_06 6, 14, 2, 10, 3
3_6_18 7, 15, 3
1_12_06 10
7_15_20 14, 6, 10, 2, 3, 11, 15
7_28_02 4, 12, 16, 8, 9, 1, 5
5_17_18 10, 2, 6, 14, 11
5_17_00 1, 9, 13, 5, 2
4_27_04 5, 13, 1, 9
3_13_12 10, 2, 6
7_19_04 3, 11, 15, 7, 12, 4, 8
6_24_04 4, 12, 16, 8, 1, 9
6_26_22 14, 6, 10, 2, 11, 3
4_27_06 6, 14, 2, 10
1_24_12 12
8_13_14 11, 3, 7, 15, 8, 16, 4, 12
1_14_04 2
2_2_04 15, 7
2_10_00 15, 7
6_9_20 13, 5, 9, 1, 14, 6
2_20_02 14, 6
1_20_00 5
4_31_02 5, 13, 1, 9
4_28_14 10, 2, 6, 14
2_13_02 5, 13
2_22_12 4, 12
1_9_16 11
1_31_06 15
2_25_10 8, 16
2_1_16 9, 1
1_15_16 4
1_19_00 9
7_14_14 11, 3, 7, 15, 4, 12, 16
8_20_14 8, 16, 4, 12, 9, 1, 5, 13
1_10_06 2
4_2_20 11, 3, 7, 15
8_5_18 11, 3, 7, 15, 12, 4, 8, 16
1_2_04 15
6_30_10 9, 1, 5, 13, 2, 10
5_16_02 5, 13, 1, 9, 6
6_15_02 5, 13, 1, 9, 2, 10
6_31_16 12, 4, 8, 16, 9, 1
5_8_06 5, 13, 1, 9, 10
6_24_10 7, 15, 3, 11, 4, 12
4_21_22 13, 5, 9, 1
5_20_20 11, 3, 7, 15, 16
1_16_14 15
4_7_02 3, 11, 15, 7
5_31_14 11, 3, 7, 15, 16
4_5_00 2, 10, 14, 6
4_8_00 2, 10, 14, 6
8_2_06 4, 12, 16, 8, 5, 13, 1, 9
7_27_10 8, 16, 4, 12, 1, 9, 13
5_13_02 5, 13, 1, 9, 2
7_19_12 7, 15, 3, 11, 16, 8, 12
7_4_04 3, 11, 15, 7, 8, 16, 4
2_21_02 3, 11
8_27_16 11, 3, 7, 15, 12, 4, 8, 16
4_26_12 9, 1, 5, 13
4_26_00 3, 11, 15, 7
6_18_06 4, 12, 16, 8, 1, 9
8_5_04 4, 12, 16, 8, 5, 13, 1, 9
5_19_20 11, 3, 7, 15, 4
7_22_20 12, 4, 8, 16, 9, 1, 5
6_18_22 12, 4, 8, 16, 9, 1
1_31_10 1
3_24_06 1, 9, 5
2_8_18 7, 15
2_16_14 7, 15
5_21_12 8, 16, 4, 12, 9
2_14_06 3, 11
1_27_06 14
5_29_10 9, 1, 5, 13, 6
4_20_14 8, 16, 4, 12
3_26_20 9, 1, 5
5_18_00 1, 9, 13, 5, 14
5_17_16 9, 1, 5, 13, 10
1_6_08 2
3_24_22 9, 1, 13
8_20_04 3, 11, 15, 7, 4, 12, 16, 8
4_31_14 11, 3, 7, 15
7_31_14 11, 3, 7, 15, 16, 8, 12
1_5_18 11
8_23_10 7, 15, 3, 11, 8, 16, 4, 12
3_7_20 12, 4, 16
3_9_22 14, 6, 10
7_20_14 8, 16, 4, 12, 13, 5, 9
5_4_06 4, 12, 16, 8, 9
5_5_20 12, 4, 8, 16, 13
7_15_04 6, 14, 2, 10, 11, 3, 7
1_8_10 11
5_30_04 6, 14, 2, 10, 15
8_17_20 11, 3, 7, 15, 12, 4, 8, 16
7_23_04 4, 12, 16, 8, 13, 5, 9
6_7_08 6, 14, 2, 10, 7, 15
4_12_22 14, 6, 10, 2
4_22_22 13, 5, 9, 1
1_18_22 8
1_30_18 9
3_5_22 13, 5, 9
8_22_14 9, 1, 5, 13, 10, 2, 6, 14
7_29_10 9, 1, 5, 13, 6, 14, 2
8_22_22 13, 5, 9, 1, 14, 6, 10, 2
4_19_04 3, 11, 15, 7
1_17_12 7
3_3_20 11, 3, 15
3_5_18 11, 3, 7
8_5_14 9, 1, 5, 13, 10, 2, 6, 14
6_7_22 13, 5, 9, 1, 14, 6
7_11_22 14, 6, 10, 2, 7, 15, 3
5_8_20 12, 4, 8, 16, 1
1_15_12 2
5_21_06 5, 13, 1, 9, 6
6_19_04 3, 11, 15, 7, 4, 12
8_3_04 3, 11, 15, 7, 4, 12, 16, 8
7_2_20 11, 3, 7, 15, 8, 16, 4
6_12_10 8, 16, 4, 12, 5, 13
3_10_14 6, 14, 2
2_15_02 5, 13
6_31_08 8, 16, 4, 12, 5, 13
7_28_16 11, 3, 7, 15, 16, 8, 12
1_29_08 8
1_15_22 7
6_26_10 8, 16, 4, 12, 5, 13
5_26_14 10, 2, 6, 14, 7
1_16_10 13
2_21_14 9, 1
2_7_06 5, 13
4_21_20 12, 4, 8, 16
2_23_06 5, 13
6_9_00 3, 11, 15, 7, 4, 12
4_25_04 5, 13, 1, 9
2_8_04 16, 8
5_20_12 7, 15, 3, 11, 12
3_5_04 4, 12, 16
3_8_08 2, 10, 6
3_28_02 16, 8, 4
8_8_14 9, 1, 5, 13, 10, 2, 6, 14
1_28_18 16
5_15_00 4, 12, 16, 8, 9
1_28_12 13
2_5_12 8, 16
2_18_22 8, 16
5_24_02 3, 11, 15, 7, 8
5_10_00 3, 11, 15, 7, 16
3_18_16 5, 13, 1
6_4_14 8, 16, 4, 12, 5, 13
6_21_10 7, 15, 3, 11, 8, 16
4_7_12 8, 16, 4, 12
3_30_06 3, 11, 15
7_20_08 5, 13, 1, 9, 10, 2, 6
3_17_04 3, 11, 15
7_13_18 13, 5, 9, 1, 10, 2, 6
8_23_00 2, 10, 14, 6, 3, 11, 15, 7
4_6_18 11, 3, 7, 15
5_9_00 3, 11, 15, 7, 4
3_3_00 1, 9, 5
1_19_10 14
5_29_22 15, 7, 11, 3, 12
1_30_02 1
1_5_20 12
6_21_20 12, 4, 8, 16, 13, 5
5_7_06 5, 13, 1, 9, 14
3_9_08 7, 15, 3
6_23_04 4, 12, 16, 8, 5, 13
8_5_08 6, 14, 2, 10, 7, 15, 3, 11
4_16_16 12, 4, 8, 16
2_4_00 13, 5
1_30_04 2
5_25_20 13, 5, 9, 1, 14
6_31_22 15, 7, 11, 3, 12, 4
4_3_08 5, 13, 1, 9
7_5_06 5, 13, 1, 9, 6, 14, 2
1_6_04 16
6_7_06 5, 13, 1, 9, 6, 14
7_11_10 8, 16, 4, 12, 1, 9, 13
3_3_04 3, 11, 7
1_18_16 5
5_3_20 11, 3, 7, 15, 4
4_1_16 9, 1, 5, 13
4_1_04 3, 11, 15, 7
4_8_02 3, 11, 15, 7
7_9_14 10, 2, 6, 14, 11, 3, 7
6_12_18 12, 4, 8, 16, 9, 1
6_22_08 6, 14, 2, 10, 3, 11
5_3_18 10, 2, 6, 14, 3
5_25_06 6, 14, 2, 10, 7
5_11_20 13, 5, 9, 1, 6
2_5_22 13, 5
2_21_00 2, 10
3_21_02 3, 11, 15
8_6_02 3, 11, 15, 7, 4, 12, 16, 8
6_28_04 5, 13, 1, 9, 2, 10
8_21_10 7, 15, 3, 11, 8, 16, 4, 12
6_15_04 6, 14, 2, 10, 3, 11
4_25_20 13, 5, 9, 1
5_15_04 6, 14, 2, 10, 11
8_23_18 11, 3, 7, 15, 12, 4, 8, 16
2_31_00 4,12
1_29_02 5
5_19_22 12, 4, 8, 16, 5
1_13_08 8
1_12_00 7
3_16_12 6, 14, 10
1_12_08 11
5_24_10 7, 15, 3, 11, 12
4_7_08 6, 14, 2, 10
8_7_20 12, 4, 8, 16, 13, 5, 9, 1
6_18_02 2, 10, 14, 6, 15, 7
7_30_00 4, 12, 16, 8, 13, 5, 9
5_13_22 15, 7, 11, 3, 12
7_20_02 2, 10, 14, 6, 7, 15, 3
8_31_22 15, 7, 11, 3, 12, 4, 8, 16
8_29_10 9, 1, 5, 13, 6, 14, 2, 10
7_11_14 10, 2, 6, 14, 3, 11, 15
2_24_08 2, 10
1_24_08 10
2_14_10 5, 13
3_18_14 4, 12, 16
6_21_12 8, 16, 4, 12, 9, 1
2_7_12 8, 16
2_24_20 8, 16
7_7_00 2, 10, 14, 6, 11, 3, 7
2_29_08 8, 16
7_2_16 9, 1, 5, 13, 6, 14, 2
5_10_14 10, 2, 6, 14, 7
2_10_04 1, 9
3_11_12 9, 1, 13
6_20_20 11, 3, 7, 15, 8, 16
1_17_02 2
4_3_14 8, 16, 4, 12
6_21_22 13, 5, 9, 1, 14, 6
