6_6_20 12, 4, 8, 16, 9, 1
1_30_10 5
4_13_20 14, 6, 10, 2
5_23_16 10, 2, 6, 14, 3
3_2_08 1, 9, 13
1_9_06 6
1_8_02 7
5_4_14 8, 16, 4, 12, 13
8_15_08 8, 16, 4, 12, 5, 13, 1, 9
8_6_08 6, 14, 2, 10, 7, 15, 3, 11
5_4_06 4, 12, 16, 8, 9
6_9_14 10, 2, 6, 14, 11, 3
2_19_16 9, 1
7_20_16 9, 1, 5, 13, 14, 6, 10
8_28_10 8, 16, 4, 12, 9, 1, 5, 13
2_4_18 6, 14
7_8_18 11, 3, 7, 15, 16, 8, 12
3_13_22 15, 7, 11
6_15_16 12, 4, 8, 16, 9, 1
5_14_06 7, 15, 3, 11, 16
2_30_02 1, 9
3_19_16 9, 1, 13
8_13_04 6, 14, 2, 10, 3, 11, 15, 7
1_1_08 5
3_1_10 6, 14, 2
1_28_02 8
6_21_20 12, 4, 8, 16, 13, 5
1_30_06 3
1_31_10 1
5_19_18 10, 2, 6, 14, 3
4_14_16 12, 4, 8, 16
6_2_22 12, 4, 8, 16, 9, 1
6_16_06 7, 15, 3, 11, 16, 8
2_11_02 4, 12
7_26_10 8, 16, 4, 12, 5, 13, 1
7_27_06 6, 14, 2, 10, 15, 7, 11
6_29_14 11, 3, 7, 15, 8, 16
6_18_04 3, 11, 15, 7, 16, 8
8_2_06 4, 12, 16, 8, 5, 13, 1, 9
4_16_16 12, 4, 8, 16
3_30_18 9, 1, 5
1_8_22 1
5_25_06 6, 14, 2, 10, 7
5_29_16 12, 4, 8, 16, 9
8_13_14 11, 3, 7, 15, 8, 16, 4, 12
7_28_12 9, 1, 5, 13, 14, 6, 10
8_2_00 1, 9, 13, 5, 2, 10, 14, 6
3_21_08 6, 14, 2
7_14_08 8, 16, 4, 12, 1, 9, 13
3_23_12 8, 16, 12
6_28_22 14, 6, 10, 2, 11, 3
7_4_14 8, 16, 4, 12, 13, 5, 9
5_8_18 11, 3, 7, 15, 16
4_22_06 5, 13, 1, 9
5_11_10 8, 16, 4, 12, 1
5_7_14 9, 1, 5, 13, 2
5_15_18 13, 5, 9, 1, 2
3_16_18 9, 1, 13
6_6_10 7, 15, 3, 11, 4, 12
1_11_06 14
1_20_00 5
2_25_02 4, 12
8_25_10 8, 16, 4, 12, 9, 1, 5, 13
6_30_12 10, 2, 6, 14, 3, 11
1_19_18 2
1_12_22 2
2_29_08 8, 16
5_8_08 6, 14, 2, 10, 11
8_10_08 7, 15, 3, 11, 8, 16, 4, 12
6_12_22 14, 6, 10, 2, 11, 3
6_4_12 7, 15, 3, 11, 4, 12
4_13_08 8, 16, 4, 12
1_2_22 8
7_20_14 8, 16, 4, 12, 13, 5, 9
5_10_14 10, 2, 6, 14, 7
1_26_08 3
4_23_12 8, 16, 4, 12
7_1_00 1, 9, 13, 5, 2, 10, 14
4_19_12 7, 15, 3, 11
2_1_10 6, 14
4_12_12 9, 1, 5, 13
5_22_14 9, 1, 5, 13, 6
8_17_20 11, 3, 7, 15, 12, 4, 8, 16
8_19_10 6, 14, 2, 10, 7, 15, 3, 11
7_13_22 15, 7, 11, 3, 12, 4, 8
8_16_18 13, 5, 9, 1, 10, 2, 6, 14
2_11_16 11, 3
4_18_04 3, 11, 15, 7
5_21_06 5, 13, 1, 9, 6
2_16_16 8, 16
7_22_02 3, 11, 15, 7, 16, 8, 12
6_3_04 3, 11, 15, 7, 4, 12
7_15_16 12, 4, 8, 16, 1, 9, 13
3_5_10 7, 15, 3
4_16_20 14, 6, 10, 2
8_15_10 9, 1, 5, 13, 6, 14, 2, 10
5_13_22 15, 7, 11, 3, 12
7_9_02 4, 12, 16, 8, 5, 13, 1
2_27_06 6, 14
2_18_04 15, 7
1_4_02 6
6_20_04 3, 11, 15, 7, 16, 8
5_16_22 15, 7, 11, 3, 16
6_8_18 11, 3, 7, 15, 8, 16
2_28_12 5, 13
7_27_12 9, 1, 5, 13, 2, 10, 14
8_11_14 10, 2, 6, 14, 11, 3, 7, 15
3_27_10 8, 16, 12
5_7_22 13, 5, 9, 1, 6
2_7_20 12, 4
5_30_16 12, 4, 8, 16, 5
6_29_22 15, 7, 11, 3, 12, 4
5_20_22 12, 4, 8, 16, 1
1_25_18 12
6_30_10 9, 1, 5, 13, 2, 10
1_22_08 2
8_6_14 9, 1, 5, 13, 10, 2, 6, 14
8_19_04 3, 11, 15, 7, 4, 12, 16, 8
7_2_20 11, 3, 7, 15, 8, 16, 4
1_29_20 14
8_19_00 1, 9, 13, 5, 2, 10, 14, 6
1_16_22 3
3_21_22 13, 5, 9
6_29_12 10, 2, 6, 14, 7, 15
2_4_06 16, 8
1_30_22 11
7_23_00 2, 10, 14, 6, 11, 3, 7
7_1_02 2, 10, 14, 6, 3, 11, 15
4_30_16 12, 4, 8, 16
5_18_06 4, 12, 16, 8, 1
7_8_20 12, 4, 8, 16, 1, 9, 13
4_13_04 6, 14, 2, 10
3_9_10 8, 16, 4
8_25_12 9, 1, 5, 13, 10, 2, 6, 14
6_21_16 10, 2, 6, 14, 11, 3
1_28_18 16
7_9_14 10, 2, 6, 14, 11, 3, 7
4_13_22 15, 7, 11, 3
2_12_16 7, 15
4_28_12 9, 1, 5, 13
2_14_06 3, 11
5_9_00 3, 11, 15, 7, 4
1_31_20 6
4_26_10 8, 16, 4, 12
3_18_22 8, 16, 4
2_23_02 3, 11
6_16_20 14, 6, 10, 2, 7, 15
1_11_14 2
2_1_08 5, 13
4_29_04 6, 14, 2, 10
7_3_06 4, 12, 16, 8, 13, 5, 9
6_29_00 4, 12, 16, 8, 1, 9
2_24_20 8, 16
4_15_00 4,12, 16, 8
3_6_08 2, 10, 14
4_14_08 8, 16, 4, 12
2_31_12 10, 2
7_29_22 15, 7, 11, 3, 12, 4, 8
4_5_12 8, 16, 4, 12
5_12_08 7, 15, 3, 11, 12
2_25_12 9, 1
4_2_02 2, 10, 14, 6
6_5_04 4, 12, 16, 8, 5, 13
7_8_02 3, 11, 15, 7, 8, 16, 4
4_21_14 9, 1, 5, 13
5_28_06 6, 14, 2, 10, 11
3_27_04 5, 13, 9
3_11_18 12, 4, 16
8_22_20 12, 4, 8, 16, 13, 5, 9, 1
6_9_20 13, 5, 9, 1, 14, 6
1_31_02 13
6_14_14 11, 3, 7, 15, 4, 12
2_23_14 9, 1
5_4_04 3, 11, 15, 7, 8
4_17_18 10, 2, 6, 14
4_10_12 9, 1, 5, 13
1_19_14 16
1_25_06 6
6_3_08 5, 13, 1, 9, 6, 14
1_23_22 5
3_31_12 10, 2, 14
2_9_08 7, 15
8_15_18 13, 5, 9, 1, 10, 2, 6, 14
3_25_18 12, 4, 8
8_28_12 9, 1, 5, 13, 10, 2, 6, 14
6_4_06 4, 12, 16, 8, 1, 9
3_7_22 13, 5, 1
6_16_08 8, 16, 4, 12, 1, 9
2_6_16 6, 14
2_14_10 5, 13
4_2_10 6, 14, 2, 10
7_7_02 3, 11, 15, 7, 12, 4, 8
8_23_00 2, 10, 14, 6, 3, 11, 15, 7
4_8_20 12, 4, 8, 16
4_25_02 4, 12, 16, 8
7_5_00 2, 10, 14, 6, 3, 11, 15
5_19_14 8, 16, 4, 12, 1
7_6_14 9, 1, 5, 13, 6, 14, 2
8_10_04 5, 13, 1, 9, 6, 14, 2, 10
7_16_18 13, 5, 9, 1, 14, 6, 10
3_4_20 7, 15, 11
8_16_08 8, 16, 4, 12, 5, 13, 1, 9
7_10_20 13, 5, 9, 1, 10, 2, 6
6_30_06 7, 15, 3, 11, 16, 8
8_22_02 3, 11, 15, 7, 4, 12, 16, 8
3_12_14 6, 14, 10
1_8_18 15
1_23_08 14
4_29_12 10, 2, 6, 14
7_5_22 13, 5, 9, 1, 14, 6, 10
5_18_16 9, 1, 5, 13, 6
5_16_14 11, 3, 7, 15, 12
8_4_12 7, 15, 3, 11, 8, 16, 4, 12
8_11_16 11, 3, 7, 15, 12, 4, 8, 16
4_13_00 4,12, 16, 8
7_11_06 6, 14, 2, 10, 15, 7, 11
7_30_20 14, 6, 10, 2, 7, 15, 3
7_15_22 15, 7, 11, 3, 4, 12, 16
8_14_14 11, 3, 7, 15, 8, 16, 4, 12
6_30_20 14, 6, 10, 2, 7, 15
1_7_16 2
2_24_00 14, 6
7_16_04 6, 14, 2, 10, 7, 15, 3
3_2_16 5, 13, 1
1_6_00 14
7_20_08 5, 13, 1, 9, 10, 2, 6
7_23_04 4, 12, 16, 8, 13, 5, 9
2_21_14 9, 1
8_27_12 9, 1, 5, 13, 10, 2, 6, 14
2_16_22 11, 3
2_31_16 12, 4
1_23_18 3
3_18_08 1, 9, 13
1_17_20 11
2_15_16 12, 4
3_11_02 4, 12, 8
7_21_04 4, 12, 16, 8, 5, 13, 1
3_26_18 8, 16, 4
3_18_12 3, 11, 15
4_21_02 3, 11, 15, 7
1_28_20 1
8_13_02 5, 13, 1, 9, 2, 10, 14, 6
1_9_16 11
1_31_16 4
8_18_18 10, 2, 6, 14, 11, 3, 7, 15
1_18_12 3
5_25_12 9, 1, 5, 13, 10
4_16_14 11, 3, 7, 15
7_12_18 12, 4, 8, 16, 1, 9, 13
3_24_02 15, 7, 3
4_1_20 11, 3, 7, 15
8_2_18 10, 2, 6, 14, 11, 3, 7, 15
6_4_02 2, 10, 14, 6, 15, 7
6_19_12 7, 15, 3, 11, 8, 16
1_1_16 9
1_28_22 2
6_24_08 6, 14, 2, 10, 3, 11
2_1_00 1, 9
4_10_22 14, 6, 10, 2
8_17_06 4, 12, 16, 8, 5, 13, 1, 9
7_27_16 11, 3, 7, 15, 4, 12, 16
4_20_04 3, 11, 15, 7
3_23_16 10, 2, 14
1_4_08 9
8_15_12 10, 2, 6, 14, 7, 15, 3, 11
3_22_00 14, 6, 10
3_2_04 15, 7, 11
2_28_00 15, 7
6_21_08 6, 14, 2, 10, 7, 15
1_23_12 16
1_18_00 13
8_31_20 14, 6, 10, 2, 11, 3, 7, 15
7_14_12 10, 2, 6, 14, 3, 11, 15
5_15_08 8, 16, 4, 12, 13
1_2_18 6
4_28_18 12, 4, 8, 16
1_13_00 4
8_1_00 1, 9, 13, 5, 2, 10, 14, 6
6_25_02 4, 12, 16, 8, 5, 13
3_11_20 13, 5, 1
4_31_06 7, 15, 3, 11
8_5_18 11, 3, 7, 15, 12, 4, 8, 16
6_22_22 13, 5, 9, 1, 10, 2
4_21_08 6, 14, 2, 10
6_2_12 7, 15, 3, 11, 4, 12
4_4_02 2, 10, 14, 6
5_5_04 4, 12, 16, 8, 5
1_5_10 7
5_18_10 6, 14, 2, 10, 3
3_26_22 10, 2, 6
6_19_06 4, 12, 16, 8, 5, 13
4_21_22 13, 5, 9, 1
8_1_16 9, 1, 5, 13, 10, 2, 6, 14
7_9_12 9, 1, 5, 13, 10, 2, 6
5_7_06 5, 13, 1, 9, 14
3_19_22 12, 4, 16
7_4_18 10, 2, 6, 14, 15, 7, 11
5_29_02 5, 13, 1, 9, 2
3_28_16 7, 15, 11
4_21_20 12, 4, 8, 16
5_1_20 11, 3, 7, 15, 12
8_10_00 3, 11, 15, 7, 4, 12, 16, 8
8_6_16 10, 2, 6, 14, 11, 3, 7, 15
2_13_20 14, 6
2_4_08 1, 9
6_11_04 5, 13, 1, 9, 6, 14
4_2_12 7, 15, 3, 11
7_22_10 7, 15, 3, 11, 4, 12, 16
5_9_16 11, 3, 7, 15, 12
7_12_00 3, 11, 15, 7, 8, 16, 4
1_31_08 16
2_31_02 5, 13
1_20_02 6
6_17_18 10, 2, 6, 14, 11, 3
7_3_16 9, 1, 5, 13, 2, 10, 14
3_21_18 11, 3, 7
3_6_02 15, 7, 11
3_20_08 1, 9, 5
3_16_10 5, 13, 9
3_15_00 4,12, 8
4_16_00 4,12, 16, 8
6_28_04 5, 13, 1, 9, 2, 10
5_9_18 12, 4, 8, 16, 13
5_26_06 6, 14, 2, 10, 3
2_13_10 9, 1
4_29_16 12, 4, 8, 16
2_22_18 7, 15
4_19_04 3, 11, 15, 7
1_2_16 5
7_9_18 12, 4, 8, 16, 13, 5, 9
8_22_00 2, 10, 14, 6, 3, 11, 15, 7
1_17_10 6
1_29_16 12
5_13_18 13, 5, 9, 1, 10
1_3_10 14
3_2_06 16, 8, 12
7_7_12 8, 16, 4, 12, 1, 9, 13
1_24_20 16
1_21_02 3
8_23_18 11, 3, 7, 15, 12, 4, 8, 16
6_5_20 12, 4, 8, 16, 13, 5
3_4_00 13, 5, 1
2_15_04 6, 14
8_9_06 6, 14, 2, 10, 7, 15, 3, 11
2_9_16 11, 3
6_10_12 9, 1, 5, 13, 6, 14
6_25_10 8, 16, 4, 12, 9, 1
8_3_04 3, 11, 15, 7, 4, 12, 16, 8
8_12_04 5, 13, 1, 9, 6, 14, 2, 10
8_2_12 7, 15, 3, 11, 8, 16, 4, 12
4_14_14 11, 3, 7, 15
1_9_00 3
7_27_14 10, 2, 6, 14, 3, 11, 15
1_27_04 13
7_20_18 10, 2, 6, 14, 15, 7, 11
1_14_10 5
3_9_18 12, 4, 8
1_21_06 5
4_27_20 13, 5, 9, 1
7_14_06 7, 15, 3, 11, 16, 8, 12
5_6_02 3, 11, 15, 7, 16
2_16_12 6, 14
2_9_02 4, 12
5_7_02 3, 11, 15, 7, 12
8_5_20 12, 4, 8, 16, 13, 5, 9, 1
4_30_08 8, 16, 4, 12
7_30_02 5, 13, 1, 9, 14, 6, 10
6_20_20 11, 3, 7, 15, 8, 16
6_30_18 13, 5, 9, 1, 6, 14
7_5_04 4, 12, 16, 8, 5, 13, 1
3_23_06 5, 13, 9
2_8_06 1, 9
3_2_10 2, 10, 14
1_25_08 7
7_18_14 8, 16, 4, 12, 5, 13, 1
2_16_10 5, 13
2_15_14 11, 3
6_5_14 9, 1, 5, 13, 10, 2
1_22_00 14
7_14_00 4, 12, 16, 8, 13, 5, 9
5_16_00 4, 12, 16, 8, 5
1_29_12 10
3_25_14 10, 2, 6
5_30_06 7, 15, 3, 11, 16
8_17_02 2, 10, 14, 6, 3, 11, 15, 7
8_23_14 9, 1, 5, 13, 10, 2, 6, 14
5_4_22 12, 4, 8, 16, 1
1_12_08 11
2_10_02 16, 8
8_5_02 3, 11, 15, 7, 4, 12, 16, 8
5_1_04 3, 11, 15, 7, 4
4_18_14 8, 16, 4, 12
6_11_08 7, 15, 3, 11, 8, 16
4_23_06 5, 13, 1, 9
7_20_06 4, 12, 16, 8, 9, 1, 5
3_18_16 5, 13, 1
2_6_14 5, 13
1_4_22 16
2_9_10 8, 16
1_20_06 8
1_26_04 1
4_14_04 6, 14, 2, 10
5_31_16 12, 4, 8, 16, 1
5_3_14 8, 16, 4, 12, 1
7_1_20 11, 3, 7, 15, 12, 4, 8
3_30_06 3, 11, 15
3_12_00 15, 7, 3
2_13_08 8, 16
7_12_10 8, 16, 4, 12, 13, 5, 9
4_2_06 4, 12, 16, 8
7_29_18 13, 5, 9, 1, 10, 2, 6
3_24_04 16, 8, 4
3_30_10 5, 13, 1
5_27_00 3, 11, 15, 7, 12
1_18_02 14
6_1_02 2, 10, 14, 6, 3, 11
8_12_10 8, 16, 4, 12, 9, 1, 5, 13
5_6_18 11, 3, 7, 15, 8
1_25_16 11
7_10_02 4, 12, 16, 8, 1, 9, 13
5_29_22 15, 7, 11, 3, 12
8_12_20 13, 5, 9, 1, 14, 6, 10, 2
7_22_18 11, 3, 7, 15, 8, 16, 4
8_22_16 10, 2, 6, 14, 11, 3, 7, 15
2_11_14 10, 2
2_31_00 4,12
3_22_14 5, 13, 1
5_9_06 6, 14, 2, 10, 7
4_6_18 11, 3, 7, 15
4_1_10 6, 14, 2, 10
2_12_14 6, 14
6_20_16 9, 1, 5, 13, 6, 14
7_19_02 2, 10, 14, 6, 11, 3, 7
4_20_00 1, 9, 13, 5
1_12_18 16
4_5_18 11, 3, 7, 15
3_12_18 8, 16, 12
4_9_08 7, 15, 3, 11
7_23_22 13, 5, 9, 1, 6, 14, 2
8_21_16 10, 2, 6, 14, 11, 3, 7, 15
5_12_14 10, 2, 6, 14, 15
1_17_18 10
8_29_08 8, 16, 4, 12, 5, 13, 1, 9
1_7_20 4
4_11_18 12, 4, 8, 16
4_12_18 12, 4, 8, 16
1_10_08 3
2_7_12 8, 16
4_24_20 12, 4, 8, 16
7_28_16 11, 3, 7, 15, 16, 8, 12
3_26_00 15, 7, 11
5_27_04 5, 13, 1, 9, 14
5_11_04 5, 13, 1, 9, 14
8_20_12 7, 15, 3, 11, 8, 16, 4, 12
1_7_10 15
3_18_06 16, 8, 12
7_3_10 6, 14, 2, 10, 15, 7, 11
2_14_20 10, 2
7_19_22 12, 4, 8, 16, 5, 13, 1
3_13_08 8, 16, 4
8_16_04 6, 14, 2, 10, 3, 11, 15, 7
8_30_22 15, 7, 11, 3, 12, 4, 8, 16
4_3_06 4, 12, 16, 8
8_14_22 15, 7, 11, 3, 12, 4, 8, 16
1_15_02 13
2_20_10 2, 10
6_8_12 8, 16, 4, 12, 5, 13
8_16_22 15, 7, 11, 3, 12, 4, 8, 16
3_3_02 2, 10, 6
8_6_20 12, 4, 8, 16, 13, 5, 9, 1
4_22_04 4, 12, 16, 8
5_2_08 5, 13, 1, 9, 2
3_10_16 7, 15, 3
7_13_18 13, 5, 9, 1, 10, 2, 6
5_6_14 9, 1, 5, 13, 6
7_21_16 10, 2, 6, 14, 11, 3, 7
8_10_14 10, 2, 6, 14, 11, 3, 7, 15
3_30_08 4, 12, 16
4_2_22 12, 4, 8, 16
5_28_04 5, 13, 1, 9, 10
8_13_06 7, 15, 3, 11, 4, 12, 16, 8
5_17_06 4, 12, 16, 8, 5
5_12_12 9, 1, 5, 13, 14
4_24_22 13, 5, 9, 1
1_22_04 16
7_27_02 4, 12, 16, 8, 13, 5, 9
5_9_04 5, 13, 1, 9, 6
6_27_18 12, 4, 8, 16, 13, 5
2_14_04 2, 10
3_17_18 10, 2, 6
8_23_20 12, 4, 8, 16, 13, 5, 9, 1
2_3_22 12, 4
7_12_04 5, 13, 1, 9, 10, 2, 6
7_26_04 5, 13, 1, 9, 2, 10, 14
4_24_12 8, 16, 4, 12
3_10_06 2, 10, 14
4_23_18 11, 3, 7, 15
5_5_14 9, 1, 5, 13, 10
2_30_22 11, 3
7_14_16 12, 4, 8, 16, 5, 13, 1
6_19_20 11, 3, 7, 15, 12, 4
7_15_06 7, 15, 3, 11, 12, 4, 8
2_4_22 8, 16
2_2_08 1, 9
7_5_06 5, 13, 1, 9, 6, 14, 2
6_22_20 12, 4, 8, 16, 9, 1
7_10_14 10, 2, 6, 14, 7, 15, 3
4_22_22 13, 5, 9, 1
4_25_22 14, 6, 10, 2
8_11_02 4, 12, 16, 8, 5, 13, 1, 9
5_21_18 11, 3, 7, 15, 12
7_30_14 11, 3, 7, 15, 4, 12, 16
2_4_16 5, 13
6_18_06 4, 12, 16, 8, 1, 9
6_19_14 8, 16, 4, 12, 9, 1
7_29_02 5, 13, 1, 9, 2, 10, 14
5_23_12 8, 16, 4, 12, 1
5_4_20 11, 3, 7, 15, 16
5_7_04 4, 12, 16, 8, 13
7_5_16 10, 2, 6, 14, 11, 3, 7
3_16_16 8, 16, 12
7_21_12 8, 16, 4, 12, 9, 1, 5
1_24_10 11
8_9_16 11, 3, 7, 15, 12, 4, 8, 16
8_21_18 11, 3, 7, 15, 12, 4, 8, 16
6_9_22 14, 6, 10, 2, 15, 7
8_1_02 2, 10, 14, 6, 3, 11, 15, 7
1_5_16 10
5_10_04 5, 13, 1, 9, 2
4_12_06 6, 14, 2, 10
4_12_02 4, 12, 16, 8
7_26_08 7, 15, 3, 11, 4, 12, 16
8_16_16 12, 4, 8, 16, 9, 1, 5, 13
1_12_20 1
3_8_12 4, 12, 8
3_12_02 16, 8, 4
2_18_14 4, 12
7_7_18 11, 3, 7, 15, 4, 12, 16
5_14_18 13, 5, 9, 1, 6
1_27_18 4
2_12_04 1, 9
8_10_10 8, 16, 4, 12, 9, 1, 5, 13
2_13_00 4,12
5_17_18 10, 2, 6, 14, 11
3_6_22 9, 1, 5
8_2_22 12, 4, 8, 16, 13, 5, 9, 1
7_6_02 3, 11, 15, 7, 16, 8, 12
8_21_14 9, 1, 5, 13, 10, 2, 6, 14
3_27_20 13, 5, 1
8_12_16 11, 3, 7, 15, 12, 4, 8, 16
1_15_00 12
8_18_06 4, 12, 16, 8, 5, 13, 1, 9
5_14_14 11, 3, 7, 15, 4
2_31_10 9, 1
8_13_18 13, 5, 9, 1, 10, 2, 6, 14
2_23_22 13, 5
2_13_12 10, 2
6_23_18 11, 3, 7, 15, 12, 4
3_12_08 3, 11, 7
8_18_10 6, 14, 2, 10, 7, 15, 3, 11
1_29_08 8
2_8_02 15, 7
8_18_02 2, 10, 14, 6, 3, 11, 15, 7
3_27_02 4, 12, 8
7_2_18 10, 2, 6, 14, 7, 15, 3
1_28_04 9
6_13_22 15, 7, 11, 3, 12, 4
2_17_02 2, 10
2_24_04 16, 8
5_14_08 8, 16, 4, 12, 1
6_1_06 4, 12, 16, 8, 5, 13
3_17_14 8, 16, 4
4_28_04 5, 13, 1, 9
2_15_12 10, 2
2_17_00 1, 9
1_3_00 9
3_7_02 3, 11, 7
1_15_20 6
3_12_20 9, 1, 13
7_21_06 5, 13, 1, 9, 6, 14, 2
4_23_16 10, 2, 6, 14
5_19_00 1, 9, 13, 5, 10
3_28_06 2, 10, 6
3_29_16 12, 4, 8
4_3_14 8, 16, 4, 12
6_31_00 4, 12, 16, 8, 1, 9
2_13_06 7, 15
5_14_10 9, 1, 5, 13, 2
8_20_20 11, 3, 7, 15, 12, 4, 8, 16
7_17_20 11, 3, 7, 15, 12, 4, 8
5_4_00 1, 9, 13, 5, 6
6_26_20 13, 5, 9, 1, 10, 2
6_10_22 14, 6, 10, 2, 11, 3
3_16_20 10, 2, 14
1_30_04 2
7_6_16 10, 2, 6, 14, 7, 15, 3
8_26_02 4, 12, 16, 8, 5, 13, 1, 9
2_28_02 16, 8
1_28_06 10
5_10_20 13, 5, 9, 1, 10
4_14_00 4,12, 16, 8
2_31_04 6, 14
6_13_14 11, 3, 7, 15, 8, 16
2_7_00 2, 10
5_26_16 11, 3, 7, 15, 8
3_10_22 10, 2, 6
7_5_18 11, 3, 7, 15, 12, 4, 8
8_30_20 14, 6, 10, 2, 11, 3, 7, 15
5_31_12 10, 2, 6, 14, 15
2_22_08 2, 10
6_26_18 12, 4, 8, 16, 9, 1
4_16_02 5, 13, 1, 9
2_30_18 9, 1
4_7_00 2, 10, 14, 6
8_12_08 7, 15, 3, 11, 8, 16, 4, 12
3_14_06 3, 11, 15
2_3_00 1, 9
5_21_16 10, 2, 6, 14, 11
5_21_20 12, 4, 8, 16, 13
3_14_16 8, 16, 4
7_11_22 14, 6, 10, 2, 7, 15, 3
8_19_16 9, 1, 5, 13, 10, 2, 6, 14
3_5_04 4, 12, 16
8_16_14 11, 3, 7, 15, 8, 16, 4, 12
8_19_14 8, 16, 4, 12, 9, 1, 5, 13
1_17_08 5
5_11_14 10, 2, 6, 14, 3
3_3_12 7, 15, 11
3_17_02 2, 10, 14
2_24_14 5, 13
4_10_10 8, 16, 4, 12
1_18_18 6
2_4_14 4, 12
3_1_00 1, 9, 13
7_8_12 8, 16, 4, 12, 13, 5, 9
1_8_10 11
3_31_00 4,12, 8
8_29_12 10, 2, 6, 14, 7, 15, 3, 11
5_5_08 6, 14, 2, 10, 7
7_19_00 1, 9, 13, 5, 10, 2, 6
5_12_10 8, 16, 4, 12, 13
4_31_12 10, 2, 6, 14
2_3_12 7, 15
7_21_20 12, 4, 8, 16, 13, 5, 9
4_30_10 9, 1, 5, 13
6_16_04 6, 14, 2, 10, 15, 7
3_21_04 4, 12, 16
1_3_16 1
8_17_16 9, 1, 5, 13, 10, 2, 6, 14
4_7_22 13, 5, 9, 1
8_30_18 13, 5, 9, 1, 10, 2, 6, 14
2_1_14 8, 16
7_6_22 13, 5, 9, 1, 10, 2, 6
6_7_10 7, 15, 3, 11, 8, 16
6_26_08 7, 15, 3, 11, 4, 12
5_11_08 7, 15, 3, 11, 16
3_20_04 15, 7, 3
6_24_18 11, 3, 7, 15, 8, 16
5_20_00 1, 9, 13, 5, 6
3_26_12 5, 13, 1
6_5_08 6, 14, 2, 10, 7, 15
1_5_22 13
1_12_14 14
5_11_00 3, 11, 15, 7, 12
6_12_06 6, 14, 2, 10, 3, 11
8_25_04 5, 13, 1, 9, 6, 14, 2, 10
5_15_06 7, 15, 3, 11, 12
6_27_02 4, 12, 16, 8, 5, 13
4_18_10 6, 14, 2, 10
6_31_18 13, 5, 9, 1, 10, 2
2_26_20 9, 1
3_17_00 1, 9, 13
2_30_00 16, 8
1_30_00 16
7_25_12 9, 1, 5, 13, 10, 2, 6
8_21_00 2, 10, 14, 6, 3, 11, 15, 7
8_25_08 7, 15, 3, 11, 8, 16, 4, 12
7_16_14 11, 3, 7, 15, 12, 4, 8
2_20_14 4, 12
5_24_00 2, 10, 14, 6, 7
2_9_12 9, 1
8_14_06 7, 15, 3, 11, 4, 12, 16, 8
8_27_08 7, 15, 3, 11, 8, 16, 4, 12
8_13_20 14, 6, 10, 2, 11, 3, 7, 15
6_7_00 2, 10, 14, 6, 3, 11
1_18_14 4
3_2_00 13, 5, 9
5_3_00 1, 9, 13, 5, 10
4_25_10 8, 16, 4, 12
6_30_08 8, 16, 4, 12, 1, 9
3_12_12 5, 13, 9
8_6_22 13, 5, 9, 1, 14, 6, 10, 2
3_7_12 8, 16, 12
8_7_18 11, 3, 7, 15, 12, 4, 8, 16
6_2_14 8, 16, 4, 12, 5, 13
2_28_04 1, 9
7_7_08 6, 14, 2, 10, 15, 7, 11
6_12_14 10, 2, 6, 14, 7, 15
5_21_04 4, 12, 16, 8, 5
7_15_04 6, 14, 2, 10, 11, 3, 7
1_23_10 15
4_11_10 8, 16, 4, 12
6_28_10 8, 16, 4, 12, 5, 13
4_11_08 7, 15, 3, 11
1_26_12 5
5_25_04 5, 13, 1, 9, 6
4_31_20 14, 6, 10, 2
3_17_06 4, 12, 16
8_1_10 6, 14, 2, 10, 7, 15, 3, 11
6_24_14 9, 1, 5, 13, 6, 14
8_7_00 2, 10, 14, 6, 3, 11, 15, 7
1_1_06 4
1_9_14 10
5_20_20 11, 3, 7, 15, 16
2_8_00 14, 6
5_10_08 7, 15, 3, 11, 4
5_18_14 8, 16, 4, 12, 5
8_3_16 9, 1, 5, 13, 10, 2, 6, 14
5_30_10 9, 1, 5, 13, 2
6_22_08 6, 14, 2, 10, 3, 11
4_12_10 8, 16, 4, 12
8_22_06 5, 13, 1, 9, 6, 14, 2, 10
3_23_20 12, 4, 16
5_24_10 7, 15, 3, 11, 12
3_29_18 13, 5, 9
2_21_18 11, 3
2_19_20 11, 3
4_5_02 3, 11, 15, 7
1_7_06 13
8_1_18 10, 2, 6, 14, 11, 3, 7, 15
6_21_06 5, 13, 1, 9, 6, 14
8_22_14 9, 1, 5, 13, 10, 2, 6, 14
8_11_12 9, 1, 5, 13, 10, 2, 6, 14
4_3_12 7, 15, 3, 11
6_25_14 10, 2, 6, 14, 11, 3
8_25_18 12, 4, 8, 16, 13, 5, 9, 1
2_5_10 7, 15
1_16_18 1
1_11_02 12
5_8_02 3, 11, 15, 7, 8
4_26_22 14, 6, 10, 2
6_16_16 12, 4, 8, 16, 5, 13
6_20_08 5, 13, 1, 9, 2, 10
6_11_16 11, 3, 7, 15, 12, 4
2_26_08 3, 11
8_30_12 10, 2, 6, 14, 7, 15, 3, 11
6_5_10 7, 15, 3, 11, 8, 16
5_2_18 10, 2, 6, 14, 7
7_13_14 11, 3, 7, 15, 8, 16, 4
2_5_16 10, 2
2_30_14 7, 15
2_17_12 7, 15
2_19_02 2, 10
1_22_16 6
7_10_00 3, 11, 15, 7, 16, 8, 12
5_26_22 14, 6, 10, 2, 11
8_18_14 8, 16, 4, 12, 9, 1, 5, 13
2_10_06 2, 10
6_28_12 9, 1, 5, 13, 6, 14
2_16_08 4, 12
1_22_18 7
3_14_20 10, 2, 6
6_24_16 10, 2, 6, 14, 7, 15
5_5_22 13, 5, 9, 1, 14
1_2_06 16
4_24_08 6, 14, 2, 10
2_3_20 11, 3
7_9_06 6, 14, 2, 10, 7, 15, 3
1_29_10 9
7_21_18 11, 3, 7, 15, 12, 4, 8
8_17_08 5, 13, 1, 9, 6, 14, 2, 10
8_23_16 10, 2, 6, 14, 11, 3, 7, 15
2_28_08 3, 11
8_17_12 7, 15, 3, 11, 8, 16, 4, 12
1_12_10 12
1_9_10 8
6_5_00 2, 10, 14, 6, 3, 11
1_15_22 7
8_3_14 8, 16, 4, 12, 9, 1, 5, 13
4_22_08 6, 14, 2, 10
5_1_22 12, 4, 8, 16, 13
1_31_04 14
4_9_02 4, 12, 16, 8
7_30_08 8, 16, 4, 12, 1, 9, 13
5_8_12 8, 16, 4, 12, 13
3_25_12 9, 1, 5
5_8_10 7, 15, 3, 11, 12
3_9_22 14, 6, 10
1_6_10 3
2_29_14 11, 3
2_21_22 13, 5
6_19_02 2, 10, 14, 6, 3, 11
3_29_12 10, 2, 6
3_15_16 12, 4, 16
8_13_22 15, 7, 11, 3, 12, 4, 8, 16
6_19_08 5, 13, 1, 9, 6, 14
7_20_22 12, 4, 8, 16, 1, 9, 13
8_18_16 9, 1, 5, 13, 10, 2, 6, 14
4_2_16 9, 1, 5, 13
3_11_06 6, 14, 10
6_23_08 6, 14, 2, 10, 7, 15
3_31_22 15, 7, 3
1_16_20 2
6_13_20 14, 6, 10, 2, 11, 3
4_23_08 6, 14, 2, 10
7_24_00 2, 10, 14, 6, 7, 15, 3
5_23_20 12, 4, 8, 16, 5
8_28_22 14, 6, 10, 2, 15, 7, 11, 3
4_3_20 11, 3, 7, 15
8_24_06 5, 13, 1, 9, 6, 14, 2, 10
3_18_20 7, 15, 3
2_15_00 4,12
8_30_16 12, 4, 8, 16, 9, 1, 5, 13
7_13_12 10, 2, 6, 14, 7, 15, 3
5_2_10 6, 14, 2, 10, 3
5_27_14 10, 2, 6, 14, 3
6_1_18 10, 2, 6, 14, 11, 3
2_25_10 8, 16
6_26_02 4, 12, 16, 8, 1, 9
3_20_10 2, 10, 6
4_17_14 8, 16, 4, 12
4_23_22 13, 5, 9, 1
4_14_10 9, 1, 5, 13
4_1_00 1, 9, 13, 5
6_18_20 11, 3, 7, 15, 8, 16
6_10_14 10, 2, 6, 14, 7, 15
5_6_22 13, 5, 9, 1, 10
6_2_04 3, 11, 15, 7, 16, 8
1_16_10 13
1_23_20 4
1_1_14 8
5_29_12 10, 2, 6, 14, 7
8_13_12 10, 2, 6, 14, 7, 15, 3, 11
2_12_20 9, 1
3_6_14 5, 13, 1
2_4_02 14, 6
7_30_00 4, 12, 16, 8, 13, 5, 9
4_20_02 2, 10, 14, 6
7_18_00 1, 9, 13, 5, 14, 6, 10
8_8_08 6, 14, 2, 10, 7, 15, 3, 11
4_30_22 15, 7, 11, 3
1_24_14 13
6_17_14 8, 16, 4, 12, 9, 1
2_7_08 6, 14
8_13_10 9, 1, 5, 13, 6, 14, 2, 10
2_4_10 2, 10
1_18_10 2
2_18_22 8, 16
4_6_14 9, 1, 5, 13
4_12_16 11, 3, 7, 15
1_29_06 7
8_6_02 3, 11, 15, 7, 4, 12, 16, 8
8_2_08 5, 13, 1, 9, 6, 14, 2, 10
5_23_04 4, 12, 16, 8, 13
7_20_04 3, 11, 15, 7, 8, 16, 4
3_2_02 14, 6, 10
6_21_22 13, 5, 9, 1, 14, 6
3_15_10 9, 1, 13
7_23_02 3, 11, 15, 7, 12, 4, 8
4_28_20 13, 5, 9, 1
8_25_06 6, 14, 2, 10, 7, 15, 3, 11
8_6_00 2, 10, 14, 6, 3, 11, 15, 7
5_23_14 9, 1, 5, 13, 2
1_2_14 4
5_5_06 5, 13, 1, 9, 6
2_21_00 2, 10
3_20_06 16, 8, 4
2_29_18 13, 5
5_2_00 1, 9, 13, 5, 14
6_27_16 11, 3, 7, 15, 12, 4
6_6_04 4, 12, 16, 8, 1, 9
1_25_00 3
4_10_00 3, 11, 15, 7
7_30_10 9, 1, 5, 13, 2, 10, 14
7_11_00 3, 11, 15, 7, 12, 4, 8
4_4_06 4, 12, 16, 8
1_17_22 12
3_14_18 9, 1, 5
6_15_08 8, 16, 4, 12, 5, 13
6_4_18 10, 2, 6, 14, 7, 15
2_25_00 3, 11
6_13_16 12, 4, 8, 16, 9, 1
7_24_02 3, 11, 15, 7, 8, 16, 4
6_13_04 6, 14, 2, 10, 3, 11
4_21_12 8, 16, 4, 12
2_23_12 8, 16
1_14_00 16
4_6_04 4, 12, 16, 8
2_9_04 5, 13
5_19_04 3, 11, 15, 7, 12
4_22_16 10, 2, 6, 14
5_30_12 10, 2, 6, 14, 3
8_18_22 12, 4, 8, 16, 13, 5, 9, 1
